23206
23207
23215
23216
23217
23218
23219
23220
23221
23227
23228
23231
23232
23233
23234
23235
23236
23237
23238
23239
23240
23241
23242
23246
23247
23248
23249
23942
23941
23940
23937
23936
23933
23932
23929
23928
23927
23926
23925
23923
23922
23921
23920
23919
23918
23917
23913
23910
23905
23904
23903
23900
23899
23898
23897
23895
23894
23893
23892
23886
23883
23882
23881
23880
23878
23877
23876
23872
23869
23868
23867
23861
23860
23859
23858
23838
23836
23835
23834
23833
23831
23830
23829
23828
23826
23825
23824
23823
23822
23820
23819
23817
23815
23814
23813
23812
23811
23810
23809
23759
23757
23756
23755
23749
23748
23747
23746
23742
23741
23727
23725
23724
23723
23722
23721
23715
23714
23713
23712
23710
23709
23708
23707
23706
23704
23703
23702
23696
23695
23694
23693
23691
23689
23688
23681
23680
23679
23678
23677
23675
23674
23673
23670
23669
23668
23667
23666
23665
23663
23662
23658
23657
23656
23643
23642
23640
23639
23636
23635
23634
23633
23632
23631
23626
23625
23567
23565
23564
23563
23562
23560
23559
23558
23557
23556
23548
23547
23546
23545
23543
23541
23540
23539
23538
23536
23534
23533
23532
23531
23530
23526
23525
23520
23519
23518
23517
23515
23514
23513
23512
23509
23508
23507
23506
23504
23503
23502
23501
23500
23498
23497
23496
23495
23494
23483
23482
23481
23480
23479
23478
23472
23471
23470
23469
23468
23467
23466
23465
23464
23463
23462
23461
23460
23459
23458
23457
23456
23455
23454
23453
23452
23450
23449
23448
23447
23446
23445
23444
23443
23442
23441
23440
23439
23438
23437
23436
23435
23429
23428
23427
23426
23425
23424
23423
23422
23421
23420
23419
23418
23417
23416
23415
23414
23413
23412
23411
23410
23409
23359
23358
23357
23356
23355
23354
23353
23352
23351
23350
23349
23348
23347
23346
23345
23342
23341
23340
23339
23338
23337
23336
23335
23334
23333
23332
23331
23330
23329
23328
23327
23326
23325
23324
23323
23322
23317
23314
23313
23312
23311
23309
23308
23307
23306
23305
23304
23303
23302
23301
23300
23292
23289
23286
23285
23284
23283
23282
23281
23280
23279
23273
23272
23271
23270
23269
23255
23254
23253
23252
23251
24835
24836
24837
24838
24839
24841
24842
24843
24844
24845
24850
24851
24859
24864
24865
24866
24867
24870
24871
24872
24873
24876
24878
24887
24888
24889
24890
24892
24893
24894
24895
24897
24898
24899
24900
24901
24903
24904
24905
24906
24909
24910
24911
24913
24914
24915
24916
25034
25035
25036
25037
25038
25040
25041
25042
25043
25052
25053
25054
25055
25056
25059
25060
25062
25063
25064
25066
25067
25068
25069
25070
25071
25074
25075
25076
25077
25078
25079
25085
25086
25087
25088
25089
25090
25103
25104
25105
25106
25108
25109
25110
25111
25112
25113
25114
25116
25126
25127
25128
25129
25130
25133
25134
25135
25136
25137
25139
25140
25141
25142
25144
25145
25146
25147
25149
25150
25153
25154
25155
25156
25158
25159
25160
25172
25173
25174
25175
25176
25177
25179
25180
25182
25183
25184
25198
25199
25200
25201
25203
25205
25206
25207
25208
25209
25210
25211
25212
25214
25215
25216
25217
25219
25220
25221
25222
25223
25225
25226
25227
25228
25230
25231
25233
25236
25237
25238
25239
25240
25241
25244
25325
25327
25328
25331
25332
25333
25334
25335
25337
25338
25339
25340
25341
25347
25349
25350
25351
25357
25358
25359
25360
25361
25365
25366
25368
25370
25371
25372
25373
25374
25375
25376
25377
25378
25379
25380
25381
25382
25386
25387
25388
25389
25390
25400
25401
25402
25403
25404
25405
25407
25408
25409
25410
25411
25413
25414
25415
25416
25421
25422
25423
25425
25432
25433
25434
25435
25437
25438
25443
25444
25445
25446
25447
25513
25514
25515
25516
25518
25519
25520
25523
25524
25553
25556
25557
25562
25563
25564
25565
25567
25568
25569
25570
25571
25574
25593
25594
25595
25596
25597
25598
25599
25600
25604
25605
25606
25607
25613
25614
25615
25616
25617
25620
25621
25622
25623
25625
25626
25627
25628
25631
25632
25633
25634
25636
25637
25638
25639
25648
25649
25650
25651
25653
25654
25655
25657
25658
25659
25660
25661
25662
25668
25669
25670
25671
25673
25674
25675
25678
25679
25680
25683
25684
25685
25686
25687
26040
26041
26045
26050
26058
26059
26062
26063
26064
26065
26066
26067
26068
26072
26073
26074
26075
26077
26078
26079
26091
26093
26094
26095
26096
26098
26099
26100
26101
26126
26127
26128
26129
26131
26132
26133
26134
26147
26148
26150
26151
26152
26223
26224
26229
26230
26231
26232
26233
26236
26237
26238
26239
26243
26244
26246
26247
26248
