23942
23941

23940
23937
23936

23933
23932
23930

23929
23928
23927

23926
23925
23923

23922
23921
23920

23919
23918
23917

23913
23911
23910

23905
23904
23903

23900
23899
23898

23897
23895
23894

23893
23892
23886

23883
23882
23881

23880
23879
23878

23877
23876
23872

23869
23868
23867

23861
23860
23859

23858
23838
23836

23835
23834
23833

23831
23830
23829

23828
23826
23825

23824
23823
23822

23820
23819
23818

23817
23815
23814

23813
23812
23811

23810
23809
23759

23758
23757
23756

23755
23749
23748

23747
23746
23742

23741
23727
23725

23724
23723
23722

23721
23715
23714

23713
23712
23710

23709
23708
23707

23706
23704
23703

23702
23701
23700

23699
23696
23695

23694
23693
23691

23689
23688
23681

23680
23679
23678

23677
23675
23674

23673
23670
23669

23668
23667
23666

23665
23663
23662

23658
23657
23656

23644
23643
23642

23640
23639
23636

23635
23634
23633

23632
23631
23626

23625
23567
23565

23564
23563
23562

23560
23559
23558

23557
23556
23548

23547
23546
23545

23543
23541
23540

23539
23538
23536

23535
23534
23533

23532
23531
23530

23526
23525
23520

23519
23518
23517

23515
23514
23513

23512
23509
23508

23507
23506
23504

23503
23502
23501

23500
23498
23497

23496
23495
23494

23483
23482
23481

23480
23479
23478

23472
23471
23470

23469
23468
23467

23466
23465
23464

23463
23462
23461

23460
23459
23458

23457
23456
23455

23454
23453
23452

23450
23449
23448

23447
23446
23445

23444
23443
23442

23441
23440
23439

23438
23437
23436

23435
23429
23428

23427
23426
23425

23424
23423
23422

23421
23420
23419

23418
23417
23416

23415
23414
23413

23412
23411
23410

23409
23359
23358

23357
23356
23355

23354
23353
23352

23351
23350
23349

23348
23347
23346

23345
23342
23341

23340
23339
23338

23337
23336
23335

23334
23333
23332

23331
23330
23329

23328
23327
23326

23325
23324
23323

23322
23317
23314

23313
23312
23311

23309
23308
23307

23306
23305
23304

23303
23302
23301

23300
23292
23289

23286
23285
23284

23283
23282
23281

23280
23279
23273

23272
23271
23270

23269
23255
23254

23253
23252
23251

23249
23248
23247

23246
23245
23242

23241
23240
23239

23238
23237
23236

23235
23234
23233

23232
23231
23228

23227
23221
23220

23219
23218

23217
23216

23215
23211
23209

23207
23206
