 23207
 23215
 23216
 23217
 23218
 23219
 23220
 23227
 23231
 23232
 23233
 23234
 23235
 23236
 23237
 23238
 23239
 23240
 23241
 23246
 23247
 23248
 23251
 23253
 23254
 23255
 23272
 23273
 23280
 23281
 23282
 23283
 23284
 23285
 23289
 23300
 23301
 23302
 23303
 23304
 23306
 23307
 23309
 23311
 23312
 23313
 23322
 23323
 23324
 23325
 23326
 23327
 23328
 23329
 23330
 23331
 23332
 23333
 23337
 23339
 23340
 23341
 23342
 23345
 23346
 23347
 23348
 23349
 23350
 23351
 23352
 23353
 23357
 23358
 23359
 23411
 23412
 23413
 23415
 23416
 23417
 23418
 23419
 23420
 23421
 23422
 23423
 23424
 23425
 23426
 23427
 23428
 23429
 23435
 23437
 23438
 23439
 23440
 23441
 23442
 23443
 23444
 23445
 23447
 23449
 23452
 23453
 23454
 23455
 23456
 23457
 23458
 23459
 23460
 23461
 23462
 23463
 23464
 23465
 23466
 23467
 23468
 23470
 23471
 23478
 23479
 23480
 23481
 23482
 23495
 23496
 23497
 23498
 23500
 23501
 23502
 23503
 23504
 23506
 23507
 23508
 23509
 23512
 23513
 23514
 23515
 23517
 23518
 23519
 23520
 23525
 23526
 23530
 23531
 23532
 23533
 23536
 23538
 23539
 23540
 23541
 23543
 23545
 23546
 23547
 23548
 23556
 23557
 23558
 23559
 23560
 23562
 23563
 23564
 23565
 23626
 23632
 23635
 23636
 23640
 23642
 23643
 23656
 23658
 23663
 23665
 23666
 23667
 23668
 23669
 23674
 23675
 23677
 23678
 23679
 23688
 23689
 23691
 23693
 23694
 23695
 23696
 23702
 23703
 23704
 23706
 23707
 23708
 23709
 23710
 23712
 23713
 23714
 23721
 23722
 23723
 23724
 23725
 23727
 23746
 23747
 23748
 23749
 23755
 23756
 23757
 23759
 23809
 23810
 23811
 23812
 23813
 23814
 23815
 23817
 23819
 23820
 23822
 23823
 23824
 23825
 23826
 23828
 23829
 23830
 23831
 23833
 23834
 23835
 23836
 23838
 23858
 23859
 23860
 23861
 23867
 23868
 23869
 23872
 23876
 23877
 23880
 23881
 23882
 23883
 23886
 23893
 23894
 23895
 23897
 23898
 23899
 23900
 23903
 23904
 23905
 23910
 23917
 23921
 23922
 23923
 23926
 23927
 23928
 23929
 23933
 23936
 23937
 23940
 23941
 23942
 23943
 24618
 24629
 24630
 24631
 24632
 24633
 24634
 24635
 24636
 24638
 24639
 24640
 24641
 24642
 24643
 24644
 24646
 24647
 24656
 24657
 24658
 24659
 24660
 24661
 24662
 24664
 24665
 24667
 24669
 24670
 24671
 24672
 24673
 24674
 24675
 24684
 24685
 24686
 24687
 24688
 24689
 24691
 24692
 24693
 24694
 24697
 24698
 24700
 24701
 24702
 24703
 24704
 24705
 24706
 24707
 24708
 24709
 24710
 24711
 24712
 24790
 24791
 24792
 24793
 24794
 24795
 24797
 24798
 24799
 24800
 24808
 24810
 24811
 24812
 24813
 24814
 24817
 24818
 24819
 24820
 24821
 24822
 24824
 24825
 24826
 24827
 24828
 24830
 24831
 24832
 24833
 24835
 24836
 24837
 24838
 24839
 24841
 24842
 24843
 24844
 24845
 24851
 24859
 24864
 24865
 24866
 24867
 24870
 24871
 24872
 24876
 24878
 24888
 24889
 24890
 24892
 24893
 24894
 24895
 24897
 24898
 24899
 24900
 24901
 24903
 24904
 24905
 24906
 24910
 24911
 24915
 24916
 25034
 25035
 25036
 25037
 25038
 25040
 25041
 25042
 25043
 25053
 25054
 25055
 25056
 25059
 25060
 25062
 25063
 25064
 25066
 25067
 25068
 25069
 25070
 25071
 25074
 25075
 25076
 25079
 25085
 25087
 25089
 25090
 25103
 25104
 25105
 25106
 25108
 25109
 25110
 25111
 25114
 25116
 25126
 25127
 25128
 25129
 25130
 25133
 25134
 25135
 25137
 25140
 25141
 25142
 25144
 25145
 25146
 25147
 25149
 25150
 25153
 25154
 25155
 25156
 25158
 25159
 25160
 25173
 25176
 25177
 25179
 25180
 25182
 25183
 25184
 25198
 25199
 25200
 25201
 25207
 25209
 25210
 25211
 25212
 25214
 25215
 25216
 25219
 25220
 25221
 25222
 25223
 25225
 25226
 25227
 25228
 25230
 25236
 25237
 25239
 25240
 25241
 25244
 25328
 25332
 25333
 25334
 25335
 25340
 25341
 25347
 25349
 25350
 25351
 25358
 25359
 25361
 25371
 25372
 25373
 25374
 25375
 25376
 25377
 25378
 25379
 25380
 25381
 25382
 25386
 25388
 25389
 25390
 25400
 25402
 25403
 25404
 25405
 25407
 25408
 25409
 25410
 25411
 25413
 25414
 25415
 25416
 25421
 25422
 25423
 25425
 25433
 25434
 25435
 25437
 25444
 25445
 25446
 25447
 25513
 25514
 25515
 25516
 25518
 25519
 25520
 25523
 25524
 25553
 25556
 25557
 25562
 25563
 25564
 25565
 25567
 25568
 25569
 25570
 25571
 25574
 25593
 25594
 25596
 25597
 25599
 25600
 25604
 25605
 25606
 25607
 25613
 25614
 25615
 25616
 25617
 25620
 25621
 25622
 25623
 25625
 25626
 25627
 25628
 25631
 25632
 25633
 25634
 25636
 25637
 25638
 25639
 25648
 25649
 25650
 25651
 25653
 25654
 25655
 25657
 25660
 25661
 25662
 25668
 25669
 25670
 25671
 25673
 25674
 25679
 25680
 25683
 25684
 25685
 25686
 25687
 26058
 26059
 26062
 26063
 26064
 26065
 26072
 26073
 26074
 26075
 26077
 26078
 26079
 26091
 26093
 26094
 26095
 26096
 26098
 26100
 26101
 26126
 26127
 26128
 26129
 26131
 26132
 26133
 26134
 26147
 26148
 26150
 26151
