25078
25438
23657
23662
23670
23818
23879
23911
23930
24850
24852
24860
24909
24913
25172
25174
25175
25205
25208
25217
25231
25233
25325
25327
25331
25357
25360
25365
25368
25369
25370
25432
25598
25658
25659
26070
26071
26099
23209
23211
23228
23242
23535
23644
23699
23700
23701
23745
23758
23792
23925
23920
23892
23878
23681
23680
23634
23631
23625
23567
23534
23494
23356
23338
23336
23314
23305
23286
23269
24663
24914
25112
25139
25206
25595
26152
24807
24801
24645
24627
24023
24022
24021
24020
24019
24018
24013
24012
24011
24010
24009
24008
24007
24006
24005
24004
24003
24002
23206
23221
23228
23242
23249
23932
23925
23920
23919
23918
23913
23892
23878
23742
23741
23715
23681
23680
23673
23639
23634
23633
23631
23625
23567
23534
23494
23483
23472
23469
23450
23448
23446
23436
23414
23410
23409
23355
23354
23338
23336
23335
23334
23317
23314
23308
23305
23292
23286
23279
23271
23270
23269
23252
24873
24887
24914
25052
25077
25086
25088
25112
25113
25136
25139
25203
25206
25337
25338
25339
25366
25370
25387
25401
25443
25595
25658
25675
25678
26045
26050
26066
26067
26068
26230
26238
24816
24696
24695
24690
24682
24655
24637
24628
24627
24626
24620
24619
24614
24613
24052
26223
26224
26229
26231
26232
26233
26236
26237
26238
26239
26243
26244
26246
26247
26248
25238
26031
26032
26040
26041
26045
