0 1864.467372 0.015130
1 -0.224692 0.102361
2 0.000235 0.000280
3 0.772689 0.011071
4 2.958632 1.138751
5 62.413902 9.671557
6 1888.750000 0.000000
7 7.284495 0.176103
8 23.313605 10.496083
9 1.563567 1.642384
10 0.248732 0.210365
11 8.625331 0.093158
12 131.922486 25.780198
13 -0.004212 0.420721
14 -0.000125 0.015090
15 51.497476 0.621476
16 12.659133 9.042393
17 1.039906 0.901051
18 1888.750000 0.000000
19 -0.910116 2.487018
20 -22.754418 1.924061
21 63.410637 19.810543
22 148.067115 1.812221
23 1873.963441 2.910335
24 4.112725 0.000011
25 3.149512 3.908603
26 -33.407443 16.143270
27 64.725594 26.458141
28 0.000000 0.000000
29 0.000000 0.000000
