0 1864.406266 0.583725
1 1.433702 0.125274
2 0.000599 0.420735
3 0.861264 0.017136
4 2.805477 0.019387
5 62.010095 0.202924
6 1888.750000 0.000000
7 9.700937 0.191237
8 22.507620 0.084784
9 2.047100 0.094781
10 0.245540 0.000620
11 9.030978 0.079840
12 136.644642 0.000045
13 -0.005713 0.000166
14 -0.504829 0.000006
15 62.597070 18.440888
16 14.758155 0.299934
17 1.891526 0.200903
18 1888.750000 0.000000
19 -2.036690 0.006812
20 -34.948051 6.871585
21 39.947802 20.566821
22 157.499252 3.027971
23 1874.339605 2.942054
24 4.017389 2.058134
25 3.149512 3.908603
26 -35.311137 10.826773
27 64.725594 26.458141
28 0.000000 0.000000
29 0.000000 0.000000
