0 1864.364660 0.012625
1 1.244072 0.028512
2 0.000397 0.000035
3 0.855404 0.018334
4 2.641808 0.003215
5 64.788866 0.062191
6 1888.750000 0.000000
7 9.320536 0.153130
8 21.673035 0.000564
9 1.692251 0.109035
10 0.233582 0.001988
11 8.778698 0.082258
12 136.317428 1.477336
13 -0.005663 0.000825
14 -0.524939 0.000258
15 59.784255 0.001967
16 16.214849 0.000833
17 2.063064 0.192390
18 1888.750000 0.000000
19 -0.705908 0.000195
20 -27.849241 0.043407
21 79.976703 11.481733
22 144.009984 2.428027
23 1873.981609 0.081662
24 3.864967 0.000008
25 3.149512 3.908603
26 -33.555175 9.281149
27 64.725594 26.458141
28 0.000000 0.000000
29 0.000000 0.000000
