0 1869.723846 0.037468
1 0.031581 0.194333
2 -0.000417 0.000389
3 3.588006 0.033737
4 3.068031 0.031508
5 43.995715 0.217490
6 1888.750000 0.000000
7 0.188123 0.000000
8 4.389010 0.000000
9 -0.121135 0.163209
10 0.298774 0.003192
11 11.291026 0.231701
12 105.888009 1.168593
13 -0.000056 0.001093
14 4.704761 0.000000
15 9.017986 0.000000
16 46.739287 2.161031
17 -21.446109 0.274985
18 1888.750000 0.000000
19 -1.363022 0.000000
20 -663.878810 19.820598
21 294.458018 5.697315
22 8116.146707 415.681918
23 3361.762812 23.552390
24 386.727977 6.005703
25 1609.991335 0.000000
26 -2038.378560 0.000000
27 -179.927654 0.000000
28 0.000000 0.000000
29 2273.107959 0.000000
