0 1864.327638 0.041331
1 2.526023 0.475844
2 0.000029 0.000329
3 0.762097 0.038631
4 2.639178 0.060633
5 70.766641 0.417305
6 1888.750000 0.000000
7 -19.727128 2.453969
8 25.055335 0.311919
9 2.276657 0.752651
10 0.134038 0.006765
11 12.705737 0.621775
12 241.942550 21.938550
13 -0.005636 0.002769
14 1.738530 0.225548
15 50.069874 1.576977
16 23.667068 1.028013
17 3.054319 0.318545
18 1888.750000 0.000000
19 -14.216242 0.147981
20 -23.396978 2.967965
21 70.540246 2.907931
22 87.086122 14.534392
23 1870.681517 0.269164
24 5.760779 0.153928
25 3.149512 0.000000
26 -24.651223 0.000000
27 64.725594 0.000000
28 0.000000 0.000000
29 0.000000 0.000000
