0 1869.692446 0.032052
1 -0.632669 0.170962
2 -0.001100 0.000502
3 2.811935 0.032121
4 2.958640 0.033492
5 39.004045 0.243570
6 1888.750000 0.000000
7 0.000020 0.000001
8 0.171860 0.057591
9 0.460157 0.006217
10 6.767671 0.057074
11 71.082303 0.486593
12 -0.000900 0.000634
13 0.076147 0.002387
14 70.266814 4.843173
15 -2.049557 0.335841
16 1888.750000 0.000000
17 -5.801386 2.654498
18 174.599003 2.491605
19 -514.507087 21.088127
20 2754.004260 3.004599
21 278.440442 0.889600
22 609.494515 23.802335
23 -220.222548 5.264558
24 92.389983 6.487246
25 3.603153 0.971180
26 471.907030 60.967651
