0 1869.863458 0.038275
1 -0.100808 0.183940
2 -0.000735 0.000362
3 3.446324 0.036174
4 3.406396 0.036673
5 44.289713 0.221332
6 1888.750000 0.000000
7 0.188123 0.000000
8 4.389010 0.000000
9 0.283183 0.098605
10 0.349198 0.004914
11 9.273929 0.127795
12 89.686737 0.784630
13 -0.000927 0.000865
14 4.704761 0.000000
15 9.017986 0.000000
16 29.297037 0.852312
17 -17.566800 0.241150
18 1888.750000 0.000000
19 -1.363022 0.000000
20 -434.767180 8.090979
21 230.462193 2.974685
22 -6648.737363 243.642121
23 3222.031714 20.900121
24 424.955846 6.444098
25 1609.991335 0.000000
26 -2038.378560 0.000000
27 -179.927654 0.000000
28 0.000000 0.000000
29 2273.107959 0.000000
