0 1863.285182 0.053632
1 -4.880332 0.584061
2 -0.001260 0.000295
3 0.803363 0.063357
4 6.141360 0.119039
5 100.822277 0.594926
6 1888.750000 0.000000
7 6.488818 2.017509
8 34.882659 0.348158
9 -22.138445 0.691790
10 0.238356 0.004640
11 19.445970 0.270551
12 218.835723 3.894164
13 -0.003875 0.001143
14 1.206979 0.130447
15 33.610923 2.620560
16 116.697031 33.323279
17 5.410835 2.219847
18 1888.750000 0.000000
19 -12.052783 0.245130
20 30.411118 3.710559
21 166.187857 3.543168
22 222.454461 68.816994
23 1869.265606 0.225649
24 10.871572 0.199773
25 3.149512 0.000000
26 -24.651223 0.000000
27 64.725594 0.000000
28 0.000000 0.000000
29 0.000000 0.000000
