0 1864.453477 0.587727
1 1.721927 0.290040
2 0.000339 0.420735
3 0.773822 0.020963
4 3.106575 0.000364
5 66.519992 0.055261
6 1888.750000 0.000000
7 9.739450 0.058187
8 25.080206 0.136707
9 2.655229 0.000012
10 0.265659 0.002540
11 9.242575 0.053109
12 134.538528 1.968566
13 -0.004450 0.000970
14 -0.967453 0.214887
15 51.837915 9.864699
16 13.022147 0.320587
17 1.008815 0.915343
18 1888.750000 0.000000
19 -0.909213 2.486603
20 -23.958798 0.571660
21 49.230786 1.076363
22 149.234088 22.632797
23 1874.981050 0.155223
24 4.360244 1.975214
25 3.149512 3.908603
26 -33.407443 16.143270
27 64.725594 26.458141
28 0.000000 0.000000
29 0.000000 0.000000
