1872.03	-233.88	165.209
1871.45	-299.601	-167.929
1816.37	-95.16	148.215
1863.03	-187.674	251.879
1848.89	-219.776	-26.8258
1857.53	44.6781	6.88485
1800.5	69.83	111.382
1853.72	-273.44	242.407
1721.2	-37.205	6.01263
1702.97	-14.8728	-764.544
1839.78	-292.183	129.785
1873.37	-73.3192	202
1865.07	-71.8173	-250.419
1868.76	-293.85	231.353
1792.44	-181.369	299.759
1850.26	-270.597	-48.5986
1814.41	1.82599	-384.766
1868.38	-122.526	162.773
1865.64	56.9661	84.2972
1845.78	-232.413	166.76
1724.15	-291.781	-553.033
1871.8	85.5182	-160.287
1850.35	-112.915	-326.553
1887.68	90.493	31.6846
1837.42	-69.6237	168.134
1864.9	37.5148	-173.017
1799.77	98.1248	-228.293
1868.75	-283.422	-106.685
1865.49	-216.745	21.7339
1841.87	-266.478	-303.388
1859.62	-78.0392	-308.863
1701.43	-233.251	-482.141
1872.22	-207.093	-63.9024
1812.11	-287.233	55.4575
1874.81	-155.595	142.549
1862.87	14.2178	293.095
1781.93	194.642	-450.473
1833.37	-266.224	-61.0221
1877.66	-201.517	89.2055
1736.72	-95.6016	694.565
1875.86	-63.9467	208.496
1861.59	-132.141	243.961
1724.71	-208.61	538.128
1863.48	18.6846	147.017
1710.26	-278.344	-166.451
1864.55	-223.541	288.925
1795.43	-286.552	547.954
1771.38	-213.33	388.109
1764.89	-71.6345	453.467
1783.34	-227.546	478.914
1795.59	-9.58197	418.913
1777.89	124.16	-561.262
1864.76	108.659	42.1373
1721.01	-265.775	186.813
1861.07	85.1456	-108.617
1882.56	-289.703	116.151
1807.55	-220.153	-476.627
1731.57	-256.75	-519.336
1852.89	-158.72	-277.731
1797.97	-246.609	325.418
1872.85	74.5892	91.1027
1712.2	-158.482	765.852
1801.36	9.50049	452.441
1749.98	-295.971	-672.261
1871.18	-116.21	81.8528
1717.67	-295.423	184.892
1739.77	263.886	507.247
1700.33	-266.047	353.442
1794.63	-18.5701	483.974
1830.32	211.896	-93.2331
1866.1	-6.42139	166.863
1756.45	-287.616	339.877
1864.27	-79.0485	-59.4242
1781.61	-292.098	-286.653
1775.8	-248.936	188.583
1856.9	-143.415	133.393
1722.65	264.235	34.9025
1884.43	-214.617	66.6573
1795.19	-248.954	549.29
1810.86	86.0334	-508.445
1879.98	90.3788	-11.9753
1883.95	-82.3086	121.499
1814.03	-282.151	217.262
1806.81	62.0953	-217.492
1707.49	-288.078	45.5928
1864.04	-273.033	-280.926
1809.97	-241.817	191.24
1863.55	132.488	-200.897
1843.02	-168.539	267.389
1813.41	205.765	-124.748
1740.82	-33.2123	216.764
1838.4	60.7338	203.968
1792.92	-198.968	487.493
1809.39	-118.855	268.738
1747.4	-285.645	148.191
1712.64	217.998	-504.784
1713.43	-259.704	-718.17
1803.54	-136.572	-298.031
1873.49	-231.769	203.169
1758.72	-108.798	-60.9376
1795.65	-262.605	137.296
1724.39	-213.05	-668.916
1738.01	-198.774	-566.865
1760.75	-116.578	632.77
1876.04	-59.8116	5.72363
1843.84	-159.969	-270.403
1846.23	-139.669	-121.071
1757.19	-288.865	-310.102
1835.24	-236.254	415.357
1826.8	-205.336	-328.733
1721.8	-284.953	644.161
1769.81	-275.632	-233.734
1793.26	-59.56	-295.839
1724.36	-211.684	-678.883
1713.54	-253.442	-553.851
1727.68	-299.134	-182.101
1834.36	-240.47	-235.428
1864.85	-5.01318	-213.612
1806.22	-37.6155	-281.401
1801.03	-259.615	-52.441
1870.35	-191.72	19.8321
1738.07	-123.745	597.699
1819.55	-237.943	201.853
1792.93	-77.1339	402.03
1752.8	35.8922	3.59703
1867.99	-1.99744	43.0183
1860.03	86.107	55.4811
1728.78	48.2173	94.9024
1766	-291.41	-397.565
1772.16	-245.975	-389.405
1854.57	-122.217	-147.333
1824.55	-105.869	-164.289
1793.23	-91.636	-474.689
1870.4	24.2205	-180.825
1809.83	-219.822	197.191
1812.52	97.3427	-42.4624
1869.68	-236.525	-256.656
1804.76	-163.703	504.07
1710.69	-225.805	758.986
1849.06	-225.96	73.7292
1869.65	-34.5733	156.804
1812.97	-247.462	-410.827
1839.31	-281.902	326.998
1840.9	-284.605	287.485
1721.53	-25.3068	644.117
1848.15	-5.78137	-17.6859
1760.11	-267.254	-396.716
1725.65	-244.378	-428.679
1785.55	27.4368	-272.253
1814.35	-132.258	-446.091
1731.56	-241.725	332.927
1797.43	-189.533	-528.483
1841.6	-225.647	290.071
1761.79	-65.7281	448.034
1886.6	-254.956	72.2839
1858.71	88.6516	-224.915
1836.91	-208.855	-392.733
1869	-95.1833	43.7436
1753.19	-196.765	639.176
1714.96	56.2402	-543.045
1714.69	-279.217	141.768
1834.91	-198.263	-130.729
1826.55	-153.404	288.963
1856.23	143.843	-268.221
1764.66	-138.252	-231.445
1840.43	-267.583	-304.684
1819.9	111.313	-123.655
1856.18	-191.791	323.105
1771.79	-11.4872	-414.234
1863.06	-198.238	92.858
1786.79	-72.558	518.745
1869.02	-212.307	221.611
1782.94	-112.969	171.098
1784.26	-177.414	453.68
1727.04	-277.98	-614.963
1873.55	211.035	-78.8809
1825.11	-228.748	129.062
1863.28	-241.809	-232.715
1732.64	-228.773	-21.6136
1853.15	-243.206	228.25
1852.3	169.165	162.525
1701.97	-230.459	-21.4316
1878.31	-122.147	-135.086
1822.08	-288.536	96.1925
1873.66	8.70239	-34.2355
1719.55	-139.09	-75.2479
1734.12	-175.369	247.403
1795.5	-99.4055	-154.429
1720.65	-275.762	-566.963
1789.86	-66.516	570.388
1714.14	-68.2376	166.514
1862.02	90.7194	4.09188
1818.76	-31.7688	-19.7503
1720.04	223.817	-460.668
1866.25	-58.4385	-141.176
1851.22	-221.35	-318
1872.45	10.4554	-158.529
1868.1	-24.6331	-180.764
1863.8	-292.404	278.9
1798.15	-284.939	270.553
1847.07	62.1981	265.853
1874.73	-286.326	-77.6032
1851.69	-94.868	257.845
1767.49	-256.08	436.851
1830.35	266.453	-426.452
1784.54	-295.386	323.628
1726.83	-211.872	594.925
1884.39	-236.68	117.264
1735.03	-283.365	-161.196
1745.81	77.9579	686.305
1826.18	-177.826	338.616
1860.4	-204.701	0.955105
1864.06	-277.613	-141.739
1779.46	-182.456	-290.226
1711.04	-278.409	-330.91
1870	-2.86523	228.318
1858.16	-248.289	30.7938
1773.98	18.7446	-509.308
1817.3	-276.235	-85.9341
1749.57	-272.384	-81.7759
1805.12	-293.998	-350.649
1795.92	36.0557	434.824
1864.35	-12.8899	284.034
1853.57	-142.574	-66.5277
1873.06	-200.134	78.865
1868.22	-236.37	-83.3713
1762.16	-259.643	-544
1820.64	83.1658	463.044
1753.04	-82.7141	10.5164
1802.93	-108.411	56.0579
1880.97	-249.128	-131.76
1882.12	-255.916	111.903
1713.4	-30.8676	531.228
1701.34	-185.423	711.621
1780.94	23.255	584.395
1841.47	-285.832	-338.909
1745.14	192.408	248.271
1770.09	29.0032	599.034
1836.71	-209.105	373.615
1772.92	-193.163	527.186
1754.1	-73.0339	370.77
1826.33	-251.916	303.53
1862.11	-221.439	-270.275
1857.54	-127.542	-299.635
1779.65	-157.038	-515.864
1858.82	49.9261	-288.741
1818.09	7.4964	-328.775
1795.25	218.708	288.145
1776.44	-284.468	471.118
1768.61	258.418	590.016
1819.38	-271.852	-477.671
1842.81	-202.111	-381.135
1876.18	-245.379	41.019
1826.24	-232.198	-447
1845	129.144	-66.1571
1835.29	-245.486	-327.44
1745.8	-62.5449	-69.9295
1828.18	-171.44	274.507
1715.47	-178.997	-378.902
1857.67	62.4199	-111.781
1863.16	55.5773	-244.515
1708.18	-257.373	-201.412
1827.15	-192.522	-131.054
1867.65	-198.929	266.997
1765.27	-50.1003	-505.091
1726.84	55.1683	-345.685
1722.52	204.885	-225.647
1828.8	278.93	-246.083
1848.44	-247.79	-14.1442
1727.97	94.9492	-627.135
1739.47	-69.4853	320.485
1809.63	-284.855	-109.548
1869.92	224.396	-30.6887
1867.24	163.69	-32.936
1867.67	97.1232	-200.452
1862.9	30.501	53.2839
1852.55	-248.911	104.639
1769.86	16.5059	-85.4022
1864.93	-15.8827	267.612
1840.18	283.337	255.347
1755.09	-67.0237	-357.432
1743.92	-178.195	-481.175
1796.31	-238.511	296.748
1875.31	-63.8005	-132.584
1809.18	271.593	-219.562
1749.25	-101.243	558.594
1867.82	-265.155	-32.1206
1836.54	-119.852	419.269
1875.25	-132.631	163.188
1797.37	-201.628	237.768
1797.63	-272.662	-115.762
1861.95	74.1294	-18.7081
1866.11	25.6378	73.2
1864.19	12.6296	143.806
1807.99	-0.718689	239.521
1833.56	-147.788	399.156
1716.92	36.8802	626.555
1744.64	-295.261	-371.543
1744.24	-77.5718	374.412
1705.83	-277.37	-309.053
1850.68	-253.149	-85.0188
1877.37	-188.544	136.451
1767.86	-249.686	-144.914
1722.93	-60.3647	325.38
1864.75	-42.2735	-223.102
1820.41	-226.398	112.709
1775.65	-268.99	109.517
1732.35	-266.5	-572.194
1820.52	174.312	-138.328
1716.78	188.25	522.184
1737.67	-104.391	-447.859
1746.73	-275.085	376.532
1779.24	79.1004	58.2445
1840.1	-239.389	240.045
1776.5	-291.053	378.143
1856.46	-193.564	269.049
1883.15	-213.188	-27.0751
1832.33	-47.9993	264.066
1820.36	18.6499	319.268
1765.18	-262.645	638.34
1828.25	-227.831	159.119
1750.16	-219.436	-428.424
1713.23	-43.0395	-415.402
1803.24	-286.142	-351.126
1864.29	7.57538	99.0371
1717.4	151.698	-690.331
1707.81	-173.94	113.77
1853.26	48.9948	-273.907
1865.02	205.459	246.944
1703.67	-78.8793	691.804
1880.56	4.60907	58.2493
1708.37	-246.166	250.493
1888.13	-286.443	-40.4923
1746.61	29.7319	-401.479
1730.54	36.5209	-410.493
1739.67	39.171	-589.122
1871.13	-278.635	-32.0505
1747.86	-232.246	135.855
1786.24	-217.362	451.724
1736.19	-231.594	46.0872
1711.71	-183.092	-314.469
1852.34	-130.387	-208.229
1838.15	-14.229	-6.64846
1779.18	-95.1104	349.08
1743.22	-138.135	-96.8519
1875.28	127.311	178.858
1713.36	-242.738	-117.602
1791.56	-294.952	-125.861
1849.07	-276.947	328.195
1732.23	124.222	432.995
1868.39	26.5757	-221.019
1804.91	92.0698	443.011
1865.66	-223.037	-198.283
1879.08	-259.994	84.7112
1727.96	-291.127	571.762
1871.9	-152.184	-208.674
1817.79	-148.822	-307.593
1788.86	179.974	313.678
1846.41	-154.432	27.9792
1742.68	-170.677	-627.577
1813.05	-230.447	-101.839
1809.75	-229.18	55.2137
1838.28	-27.9096	170.478
1759.52	297.564	-632.484
1855.56	-182.509	14.4785
1863.84	48.5792	191.14
1861.15	68.1999	-308.497
1823.78	-222.065	18.5126
1864.24	-222.203	18.3665
1822.92	-56.1401	137.738
1715.18	-69.4299	-51.7705
1719.42	-264.573	-479.875
1872.24	-213.114	38.6417
1851.53	32.5204	269.784
1795.1	-272.061	-315.125
1809.47	158.856	-520.758
1865.53	-97.6741	-31.3269
1711.86	-78.8155	-386.112
1868.84	-40.205	-219.433
1770.47	-165.406	-355.236
1882.15	-273.793	-110.267
1805.73	-295.183	-369.316
1874.37	-128.215	215.512
1702.19	-55.5061	-377.193
1784.68	-258.552	-62.8494
1788.87	-181.025	424.674
1829.02	-169.796	-344.626
1766.2	-241.717	602.091
1836.15	-207.315	214.267
1866.48	-114.794	214.964
1812.3	163.278	51.9966
1854.6	-30.2319	-293.993
1776.07	-118.223	-566.871
1863.8	61.696	-144.391
1707.58	-42.7816	-730.269
1806.91	-271.164	389.593
1858.35	-201.221	-195.486
1859.12	28.3259	-237.428
1719.5	-184.046	-494.572
1717.58	-91.2197	-597.292
1842.98	-226.656	-242.418
1840.12	-195.371	153.092
1746.27	-236.424	-336.484
1802.15	-131.741	54.2312
1723.12	-124.322	-672.768
1701.78	-253.598	-571.406
1855.19	-208.812	59.8558
1883.02	-286.804	132.198
1800.83	-235.608	233.446
1757.98	-230.576	-346.85
1859.19	-89.4552	-213.676
1815.02	-137.53	-265.518
1833.46	-176.042	425.697
1826.84	281.717	-194.796
1736.97	-159.179	596.729
1789.18	-141.538	576.154
1877.87	-268.798	-108.033
1880.88	-126.449	-157.805
1818.21	-251.104	-290.26
1801.12	-104.155	-167.151
1755.1	260.314	-225.233
1774.79	-263.72	-204.582
1867.12	8.03461	220.078
1821.38	-222.447	-34.4656
1799.15	193.226	-452.888
1840.92	-197.216	-20.1913
1820.56	150.741	-28.2839
1774.68	-194.728	413.858
1884.28	-208.065	51.1579
1802.82	-111.495	356.2
1850.59	-239.386	252.194
1791.15	-298.012	-104.735
1860.19	-245.338	-99.8781
1753.08	-12.9528	-416.145
1763.49	16.5299	288.187
1772.49	-111.964	264.651
1844.78	20.2946	12.1879
1723.77	-282.384	45.4324
1798.93	155.77	75.3901
1870.62	-257.536	138.991
1738.21	-230.09	240.936
1865.19	0.0355225	-43.8617
1703.07	33.2921	34.701
1851.59	-286.57	17.3352
1815.97	15.299	12.4924
1718.57	193.314	170.07
1852.4	133.87	232.051
1833.92	-76.348	-97.2691
1824.34	-96.1336	-306.475
1783.82	-3.94904	461.396
1731.29	-81.912	570.268
1834.92	-266.655	-257.998
1813.46	-211.383	-118.097
1808.49	-4.75323	234.549
1705.92	258.931	731.485
1884.53	-222.653	42.1817
1770.14	-239.234	-416.048
1879.45	-147.245	-71.2912
1798.94	-229.931	523.4
1817.06	187.311	-241.233
1843.94	-67.4288	-95.1047
1765.34	-263.253	-474.779
1798.07	270.302	68.4557
1769.06	-17.7746	164.682
1805.94	-90.3587	477.82
1752	-277.69	406.723
1743.91	-212.808	624.976
1708.61	-139.94	-697.632
1883.91	-87.6399	100.664
1851.28	17.4637	37.4371
1711.18	-247.748	171.7
1829.6	-177.44	-259.047
1826.39	-288.635	-383.199
1806.51	-36.4916	419.344
1810.29	-90.6851	-44.468
1703.31	-102.834	202.37
1861.63	-233.472	-88.2944
1869.69	-91.8807	138.088
1830.99	130.019	161.096
1871.48	-202.39	192.608
1705.68	-269.948	979.279
1783.48	-253.613	449.718
1779.33	-235.886	452.99
1760.98	-271.748	-448.992
1790.8	-286.264	477.08
1851.9	-211.675	-285.791
1791.52	-259.163	20.0836
1768.98	-286.955	-317.256
1726.26	-32.0028	-413.789
1823.16	70.8207	-318.44
1717.6	30.178	212.423
1703.52	33.875	-394.409
1795.62	48.261	270.093
1737.23	-9.48566	331.777
1808.49	-187.79	-288.027
1869.59	-291.346	58.6841
1802.05	-121.848	236.059
1728.11	2.92291	-629.323
1771.49	140.241	-206.42
1844.93	241.709	-117.971
1832.99	-220.879	307.028
1701.16	213.194	211.372
1788.17	-169.49	-131.172
1798.98	-299.129	493.193
1709.83	253.291	-691.908
1875.44	74.468	-137.521
1862.97	127.798	-252.425
1835.22	-160.794	72.4275
1868.65	-278.234	230.834
1839.59	-2.92303	-2.70942
1833.78	88.4898	-238.46
1839.67	-196.451	227.204
1865.61	-225.9	65.3384
1867.76	-163.646	257.724
1719.97	-296.418	-116.831
1818.55	90.809	-396.413
1847.64	-214.971	309.702
1850.68	-297.319	270.574
1867.37	-93.8057	87.9831
1816.12	291.711	356.051
1843.4	47.4663	255.027
1796.7	-16.0471	400.605
1838.16	-131.292	-19.5977
1701.94	-117.341	308.831
1825.55	-160.674	415.448
1858.66	-12.4811	314.452
1785.65	-267.954	163.471
1780.08	-293.428	-547.064
1700.11	-223.052	557.304
1769.82	-197.371	327.227
1760.14	-234.033	17.6585
1868.66	-4.26337	251.987
1866	-100.162	-233.756
1866.66	-273.413	-22.4134
1846.47	176.999	162.623
1854.69	-197.952	187.633
1851.9	-178.3	227.676
1773.37	-243.887	-344.933
1754.47	-79.756	314.138
1779.29	176.952	414.516
1754.04	-235.262	620.603
1826.43	-294.384	133.991
1705.39	-180.768	723.18
1882.63	-208.983	54.4437
1876.34	-222.994	-97.2963
1712.92	-294.755	-1000.34
1722.05	156.612	104.88
1860.32	-194.202	295.134
1727.73	70.0775	617.55
1799.31	179.613	498.047
1873.34	-213.06	212.184
1794.06	-275.853	398.777
1836.73	165.415	-72.4792
1725.43	-232.559	-236.448
1793.71	-296.575	343.951
1840.71	-282.241	-116.956
1870.04	-247.013	-78.8856
1788.74	-102.469	532.023
1730.35	-259.17	-98.5616
1714.55	-264.775	511.306
1804.17	131.848	-537.711
1858.58	-257.968	-0.0701314
1846.61	-54.6917	258.399
1871.58	-25.9028	241.706
1816.47	-220.934	81.8971
1867.3	-245.938	229.167
1746.3	-290.317	-319.938
1858.88	-195.478	147.212
1853.34	88.6415	196.702
1752.63	-238.904	-560.477
1864.53	-251.601	76.5726
1812.82	124.261	392.386
1814.6	-140.944	-228.196
1867.71	73.5217	228.025
1715.91	-288.533	95.6715
1845.34	-249.301	53.3822
1881.04	38.5449	158.945
1884.7	-231.661	49.3358
1852.06	-288.042	161.304
1878.73	-113.374	-84.1524
1856.82	-157.006	-123.156
1806.4	-217.335	-26.7837
1735.51	-194.53	-678.313
1779.94	-220.297	432.12
1747.35	-146.543	183.029
1744.74	-155.061	-488.084
1857.69	43.1892	289.315
1863.8	-180.369	-215.441
1747.68	-119.961	630.166
1810.56	-275.063	-170.61
1785.18	-253.62	102.088
1876.41	-224.551	-28.7035
1703.36	-33.7985	-278.991
1727.88	-201.969	-449.021
1820.94	42.7294	-182.801
1800.96	34.5968	277.488
1843.83	-198.188	-29.0559
1864.14	-151.823	-232.555
1813.99	-289.724	461.95
1826.22	-151.969	62.2868
1733.95	-102.621	-404.874
1849.67	-246.381	113.382
1741.21	67.4228	528.823
1873.49	-279.892	93.1921
1742.67	36.0328	-528.209
1739.15	-150.588	-702.833
1853.71	-213.458	126.659
1828.51	116.508	-258.566
1743.38	44.8001	-334.591
1801.46	-267.663	391.848
1846.71	-176.126	325.685
1752.76	-251.804	602.113
1868.6	98.483	50.1937
1867.28	-262.486	-146.375
1747.28	-182.369	107.778
1816.91	-293.77	450.016
1725.98	-173.144	-490.333
1839.65	-275.838	259.677
1792.24	-220.36	-2.2643
1837.89	-104.266	-292.731
1835.59	-130.012	-141.231
1786.63	-289.239	420.163
1800.19	-40.7011	147.267
1834.85	-171.361	-174.269
1753.87	-245.785	268.725
1732.91	-276.911	-632.581
1754.89	97.912	361.072
1861.86	-250.665	-96.6985
1748.05	-269.749	-229.618
1788.85	-178.444	475.19
1744.76	75.2273	199.451
1780.97	42.8264	-255.971
1826.62	-102.263	-412.757
1742.81	-124.126	69.8303
1824.79	-203.404	-462.214
1747.39	-299.851	5.86655
1847.1	-262.587	-118.208
1743.59	-159.476	360.446
1842.9	-287.733	-52.9564
1728.09	79.9284	572.145
1733.43	172.443	677.86
1754.25	296.215	543.958
1760.86	-150.619	367.853
1776.13	54.9587	395.897
1843.58	154.997	258.246
1702.91	-202.124	-518.087
1833.2	156.064	-129.97
1827.92	-48.9103	274.451
1779.02	-240.773	-554.033
1762.62	63.7361	-60.3693
1865.89	-21.189	-45.2188
1705.95	-133.333	-306.954
1864.06	-42.7368	-209.333
1749.81	-292.385	186.686
1862.66	58.6404	119.762
1713.34	-275.87	697
1847.78	6.9917	56.509
1823.77	-213.807	-462.499
1799.76	20.5216	152.741
1756.94	226.298	-577.469
1801.26	-51.9324	-355.45
1824.28	186.254	122.683
1840.7	-271.878	-78.4074
1868.91	-48.9926	-165.232
1866.97	30.9676	-17.872
1736.07	-292.143	-362.472
1813.82	20.9001	-494.624
1748.29	-203.519	-100.403
1851.63	-284.07	-284.689
1750.8	-64.9766	291.23
1838.97	-228.886	66.4057
1772.08	-115.486	-208.269
1886.9	-43.9085	47.6287
1724.4	-269.698	25.1735
1785.86	-274.51	534.032
1708.22	-162.807	-470.033
1794.22	-211.123	552.451
1831.45	98.4797	330.226
1788.94	-259.382	-246.838
1867.35	-147.385	-20.6939
1727.93	24.5195	-350.638
1866.23	-237.695	-270.32
1871.77	-169.647	-195.986
1753.23	-109.201	253.068
1751.13	-90.6033	456.337
1780	-227.191	-599.927
1880.41	-230.782	148.505
1806.16	-150.203	-518.351
1830.8	-295.273	-270.171
1880.83	-253.165	0.482161
1719.32	-140.866	-206.749
1839.96	-182.855	-224.568
1859.91	-206.202	105.704
1873.2	-167.672	-205.671
1711.93	-283.713	519.833
1775.1	278.315	-154.668
1802.5	-288.343	-207.707
1846.98	53.0031	-344.669
1771.58	-132.833	-112.544
1751.71	-135.162	-587.213
1864.56	-201.335	157.361
1745.64	-271.408	233.866
1771.54	-298.576	517.351
1816.68	-120.915	35.0174
1875.99	-236.998	-88.0641
1869.8	-272.147	-78.0398
1710.65	-235.916	725.899
1718.29	-137.187	-355.328
1807.01	-247.014	495.771
1813.29	-297.257	95.477
1739.93	-94.7714	-569.707
1776.43	136.164	-102.008
1870.72	27.9924	-35.8035
1707.81	-79.2189	674.487
1835.38	110.043	412.987
1710.49	-241.671	291.387
1711.23	52.2089	-757.663
1745.38	-178.514	119.531
1765.53	-260.366	-14.5206
1766.04	-37.9751	-551.154
1753.96	-272.332	603.865
1809.54	-118.139	424.859
1857.11	-134.998	-33.6797
1850.19	-172.977	-365.852
1832.35	-91.7927	160.936
1705.96	-297.413	67.4275
1736.14	-205.815	378.003
1858.12	-64.5927	37.3283
1858.11	-233.065	-309.936
1798.63	-37.3314	-189.466
1729.48	-294.607	137.112
1808.81	-298.686	-515.668
1741.57	-258.41	430.324
1844.2	-117.662	-338.556
1764.97	-286.216	567.563
1882.82	-157.502	18.4176
1796.02	-270.756	463.152
1864.01	-24.0936	172.424
1774.02	-293.689	102.336
1751.75	-156.841	296.116
1817.28	-87.8676	-313.387
1736.08	-281.854	139.058
1835.04	-44.8087	338.783
1780.81	-266.65	303.403
1731.91	1.81592	78.7094
1810.06	-275.58	462.139
1743.57	-183.075	617.981
1772.86	-289.121	-90.5976
1740.55	77.5658	-601.316
1769.82	177.649	143.303
1748.59	-108.062	-460.139
1864.04	-2.05188	148.837
1793.6	-274.032	-99.9344
1769.86	-212.975	-571.423
1809.13	-131.262	437.798
1731.65	-271.208	235.711
1741.15	-270.108	434.485
1867.86	46.0867	-41.1137
1839.26	-97.9055	274.101
1871.53	-224.664	-219.819
1839.81	-269.568	317.755
1777.01	93.1569	111.169
1740.38	2.37769	-578.441
1810.25	-296.239	136.707
1822.18	-192.916	401.157
1865.19	-217.625	-264.262
1845.28	-204.037	-315.988
1812.49	-185.448	-372.273
1796.7	-127.755	-537.874
1853	-163.109	286.513
1877.26	-66.3792	-169.411
1834.01	-248.292	165.559
1866.66	-159.26	39.6284
1843.2	40.7606	-26.0096
1839.13	-242.133	-118.757
1813.34	-41.9794	-69.9981
1792.17	175.166	465.292
1724.9	-178.821	-554.942
1823.99	-148.768	-359.842
1821.15	97.3239	-97.2329
1807.72	-244.759	264.651
1856.13	-218.374	-7.85577
1743.13	-213.922	592.22
1778.31	-219.427	213.148
1746	95.3383	635.426
1813.08	159.867	89.6228
1784.64	216.831	-39.7685
1812.71	-61.5513	143.904
1817.27	252.235	26.4182
1799.49	137.202	236.684
1789.68	-97.0964	528.976
1854.43	77.0598	295.637
1735.12	-176.92	-534.505
1723.41	-123.198	-534.599
1826.11	140.511	-264.757
1833.95	83.4866	-49.247
1843.07	-47.8403	-212.461
1862.15	1.91327	281.388
1804.53	-2.82489	438.511
1824.17	-265.754	-471.672
1776.84	-165.602	546.676
1864.9	-270.666	20.1781
1810.11	46.4111	451.119
1818.99	189.966	298.163
1771.42	-283.313	418.666
1871.43	14.4282	86.5937
1723.33	-223.292	-71.7529
1878.4	-183.187	-93.0011
1884.71	-130.631	87.2481
1857.78	-281.721	-139.169
1715.74	-132.115	-574.125
1767.22	56.1854	302.887
1857.43	-24.6556	-151.829
1853.65	-4.40009	-139.25
1838.92	-115.102	28.6696
1882.36	-297.66	-19.5672
1863.6	-282.42	246.646
1780.89	30.4423	-555.098
1813.88	29.294	29.0006
1877.49	-245.32	-7.18634
1803.21	-18.9443	206.563
1872.63	-283.616	86.2367
1827.49	-121.837	-184.204
1844.67	170.82	317.532
1817.38	-284.688	329.518
1800.72	-84.2936	-45.7229
1747.2	-38.7373	219.176
1866.72	-77.9224	18.1635
1834.81	-153.069	-245.738
1851.31	192.965	141.815
1826.81	137.973	199.007
1838.99	-257.797	195.939
1743.81	-291.365	66.1304
1734.83	19.33	138.051
1787.27	-178.412	350.777
1856.56	2.41974	-323.042
1857.8	-281.333	-163.651
1873.98	-123.523	91.0813
1753.17	-274.966	473.433
1745.66	253.894	-627.914
1731.31	-152.278	594.516
1816.02	-273.059	78.1904
1837.19	-230.986	-78.3904
1867.75	-13.2347	-21.5604
1832.25	-231.889	-59.3075
1731.69	71.3296	425.548
1709.36	128.847	649.959
1862.34	22.5059	193.635
1818.79	-247.018	346.923
1867.41	172.473	94.9078
1839.42	-274.007	245.99
1848.75	-152.652	-274.058
1807.82	-154.669	-271.977
1846.32	114.215	7.66621
1883.98	112.198	9.74774
1719.93	-260.922	-523.794
1827.47	-298.891	284.055
1868.86	39.431	-76.9501
1778.37	-251.896	-391.757
1741.99	-232.445	102.573
1757.92	-274.389	-366.526
1749.52	83.1227	626.872
1735.08	-266.468	224.857
1792.37	137.256	-521.015
1872.61	-284.293	146.462
1790.52	100.959	61.5081
1752.86	-297.466	496.086
1824	-88.2243	-297.458
1844.03	-67.1201	-274.672
1807.87	-224.654	-427.995
1719.85	-282.006	-442.354
1768.34	-84.8683	-432.914
1808.89	64.7545	320.509
1819.82	148.474	-473.268
1874.95	-221.901	-149.556
1868.78	-176.246	102.348
1868.52	283.747	-141.808
1834.72	102.406	-37.6487
1792.48	-168.387	391.44
1755.55	-55.8538	664.868
1839.06	-270.52	192.231
1860.37	-241.094	-304.496
1735.04	-179.777	-339.066
1861.53	42.272	-258.33
1820	-294.465	145.515
1746.37	155.012	485.121
1804.72	-85.9237	-155.557
1818.98	-100.109	453.997
1803.63	90.2687	46.8531
1818.38	68.27	6.13662
1820.15	-233.185	-323.849
1865.33	2.36676	-98.8506
1747.87	172.73	565.112
1853.27	-233.401	202.664
1781.97	-65.7545	23.7111
1776.53	-148.08	575.673
1777.07	36.5583	370.402
1765.61	-65.9848	482.443
1874	-197.377	-198.275
1753.73	-129.131	-470.229
1872.42	-186.992	157.343
1762.38	-130.741	119.536
1790.97	-252.59	-8.78795
1780.21	-209.494	-6.02777
1863.86	-128.958	-206.098
1775.49	-283.3	-376.662
1861.02	-283.565	-201.006
1789.28	-293.767	330.236
1867.29	-232.228	-206.84
1734.71	230.886	-459.592
1774.66	-236.865	-492.681
1825.16	-187.762	-70.2835
1855.94	-191.959	207.123
1798.79	-205.239	137.715
1852	-226.628	298.158
1745.22	-210.125	-540.177
1707.21	-221.871	-553.993
1727.98	96.1122	369.306
1802.27	-68.7505	247.548
1729.99	74.8154	-117.672
1864.2	269.619	82.859
1768.52	-260.174	-280.868
1869.9	-103.356	-110.939
1883.4	-143.396	-64.8944
1710.19	-254.837	-383.778
1879.81	-280.507	27.3309
1716.39	-257.403	112.009
1866.47	-293.063	91.2787
1779.34	-294.184	-526.38
1842.5	-263.793	-323.487
1703.98	-272.437	682.254
1839.09	-299.844	56.5188
1701.91	-208.517	456.214
1700.87	205.699	700.592
1751.13	53.1902	-347.436
1790.66	-46.0204	252.09
1709.05	-219.72	-577.865
1858.78	61.1685	189.28
1868.02	-141.984	-232.316
1754.44	236.4	-540.042
1752.34	-119.147	166.734
1877.03	45.2154	182.927
1737.69	186.188	709.121
1830.39	-229.547	-87.77
1748.92	-184.82	541.585
1808.18	-116.188	-81.6896
1701.13	-107.176	81.1559
1854.45	-298.597	272.782
1842.99	-204.643	-243.523
1859.82	-159.727	-31.8233
1860.22	114.972	36.7588
1848.79	-239.866	308.126
1702.45	-147.389	-767.158
1706.6	37.0025	561.372
1841.33	-188.74	-165.856
1789.96	47.3352	-423.809
1864.68	-29.0696	-45.0054
1720.36	267.083	27.574
1735.28	-131.474	112.284
1807.94	-91.9171	193.003
1814.22	-21.2285	-96.0879
1864.55	-10.4258	164.213
1867.66	10.0483	-3.91991
1734.79	-4.51001	-582.977
1887.17	-99.6267	27.1475
1728.52	-234.139	-115.572
1840.21	-215.072	-8.99608
1784.78	-267.726	47.1726
1772.8	270.75	199.069
1855.02	3.78967	228.608
1834.24	-58.7335	228.246
1853.24	-245.241	65.2078
1770.63	-66.2733	156.132
1883.47	-227.379	120.689
1774.01	-266.205	-239.708
1780.99	-212.684	446.514
1792	-164.82	-15.5644
1779.66	-227.698	374.705
1764.99	-259.603	-324.733
1818.79	-88.3674	230.842
1766.2	-260.68	74.5785
1871.2	19.9594	96.4875
1828.79	193.255	-373.21
1878.88	-226.403	-56.3354
1780.94	-210.925	-405.59
1721.27	-291.024	-381.687
1829.29	-228.902	-316.956
1778.77	-260.036	97.2854
1826.96	70.1822	-337.792
1860.26	-52.0224	-240.247
1852.6	-252.854	-151.008
1739.21	173.524	196.499
1700.49	-193.197	597.806
1792.49	80.0018	367.206
1815.49	-286.326	120.431
1819.04	-3.76886	55.3374
1743.91	-274	-645.972
1709.56	-238.056	500.875
1701.56	-104.153	-506.693
1705.51	-240.778	39.3871
1766.73	-240.543	544.813
1859.71	-105.978	-158.709
1821.16	-107.433	-431.621
1869.77	-109.021	107.301
1874.6	298.319	-114.998
1856.38	-67.2184	-209.696
1869.14	-163.027	41.5049
1850.38	-94.3155	-126.406
1752.51	-281.187	192.472
1739.45	-106.951	487.931
1711.09	-208.29	-26.6676
1878	-229.749	-49.5447
1752	51.0016	454.183
1789.77	-267.517	573.433
1716.39	-205.895	-73.338
1787.74	-298.833	335.162
1834.25	-238.219	-143.785
1770.07	-209.084	-258.432
1844.11	60.1393	26.9638
1718.76	-238.858	347.335
1705.52	-50.7253	-83.0841
1883.39	-164.337	80.9934
1734.42	-167.576	-630.712
1846.97	-244.44	-365.06
1827.08	-292.18	12.143
1870.93	30.0038	-236.797
1819.94	-191.481	-119.48
1873.41	-116.465	186.334
1866.16	-204.123	85.5981
1872.64	127.457	171.781
1807.56	-192.565	85.0517
1847.02	-163.847	85.7859
1814.17	-120.151	-138.166
1872.8	-265.829	-220.163
1700.91	261.174	-574.947
1799.16	-224.065	209.959
1751.13	-163.66	350.275
1860.09	-156.097	-285.699
1858.47	-84.4095	301.414
1734.65	-222.813	-331.917
1858.35	-255.948	-255.204
1842.96	-260.632	-221.704
1782.22	-162.43	459.55
1723.24	-105.127	-337.059
1735.07	-154.296	173.205
1883.89	-212.577	-114.545
1726.02	-227.49	-42.365
1745.52	12.0361	415.361
1877.94	-66.5546	-56.7053
1825.59	-240.603	-24.0965
1794.28	-20.7555	190.27
1735.27	294.599	-33.704
1831.34	-62.4175	-250.547
1869.4	-151.761	-71.7121
1710.11	-173.333	-696.205
1802.58	-38.1267	122.008
1770.73	20.165	186.849
1703.83	-179.287	46.0831
1875.82	-287.569	148.869
1736.56	-279.783	702.194
1859.53	117.835	124.995
1723.75	-286.496	-304.161
1870.07	-223.247	-91.947
1843.01	-191.3	-343.055
1831.36	-118.45	-282.279
1817.39	166.703	0.757194
1832.27	69.1721	3.95248
1822.4	-270.826	-429.462
1854.21	159.208	-261.002
1715.94	-214.26	-725.104
1719.21	-6.55566	-484.784
1775.82	-225.046	126.132
1749.95	-36.4402	652.777
1781.94	-230.169	-197.176
1814.06	207.661	345.11
1731.18	2.35394	566.715
1875.93	-189.425	169.122
1875.33	-74.7571	-118.371
1866.39	5.77844	57.86
1833.46	-233.191	-152.059
1781.63	-288.544	504.027
1876.57	39.9768	-179.319
1739.72	-222.7	677.473
1873.65	-99.9252	-66.5821
1815.98	172.684	407.9
1823.62	-281.156	359.714
1785.07	-3.37378	-561.849
1797.6	-194.222	-344.114
1746.7	-189.95	540.888
1786.19	-7.30945	-580.79
1794.58	-260.292	-402.516
1880.21	-231.387	-137.293
1845.17	-292.238	-151.072
1863.55	-296.447	151.292
1830.15	-258.81	-296.788
1805.06	210.757	-501.678
1709.44	-285.976	-579.61
1850.32	5.81165	-251.887
1850.54	-160.375	-84.4808
1833.15	-41.7178	-27.6823
1822.11	-243.459	-102.337
1817.27	-178.589	200.128
1810.66	42.6331	244.728
1789.83	-285.026	470.817
1862.69	53.2105	30.922
1836.39	-199.263	-304.324
1752.4	161.367	-388.754
1862.68	-89.9089	-58.8291
1866.24	-294.241	158.924
1871.02	-162.795	-136.22
1883.62	-229.749	62.2959
1819.73	-227.692	-147.951
1788.87	299.599	-573.439
1777.56	-298.363	-104.494
1845.74	-266.867	-220.44
1746.13	-291.434	-138.243
1866.87	-278.604	113.815
1810.04	-234.221	382.884
1825.34	-225.98	-165.182
1707.88	95.8618	81.5818
1736.6	203.036	498.218
1838.61	-274.754	404.991
1823.69	-251.479	473.757
1826.07	-156.94	299.032
1821.62	-283.47	-172.744
1772.66	-297.279	232.481
1731.16	-85.5451	93.5396
1847.58	-297.832	-131.93
1766	-234.917	-559.135
1859.39	-287.741	-11.5579
1852.19	-216.854	-95.2978
1866.38	-297.206	-10.0866
1859	-272.226	255.36
1722.33	-174.201	-613.678
1705.4	-178.523	-613.615
1759.83	290.03	124.216
1752.93	-263.467	-470.558
1747.01	-163.758	147.494
1821.75	-298.54	243.357
1862.45	-77.4244	39.9065
1809.13	-295.001	383.167
1811.79	-132.112	29.2988
1704.07	-228.003	372.323
1783.65	-186.849	-243.487
1843.53	-147.172	-293.607
1871.26	-202.493	-210.156
1852.88	-89.9919	94.9815
1788.39	-297.696	-504.776
1787.19	185.434	474.362
1844.67	27.266	-219.866
1865.82	-8.10718	16.9334
1861.1	-290.157	262.703
1765.95	-274.634	-517.669
1776.79	-290.294	-536.395
1796.03	93.4811	-114.233
1716.85	-207.827	-637.46
1862.7	104.399	207.287
1843.35	-188.671	295.356
1844.24	-129.648	231.047
1855.18	-211.209	-232.121
1835.48	-269.655	-239.458
1840.17	-203.671	-87.9564
1816.88	-43.9363	462.896
1740.49	-231.491	-338.666
1748.54	-150.909	601.441
1730.54	-195.232	654.255
1832.84	-257.186	-230.518
1799.45	-196.009	375.988
1730.19	209.035	-289.488
1707.76	-149.735	-201.126
1855.12	238.868	-69.6409
1743.11	-251.013	-603.174
1866.93	-89.5001	230.439
1851.12	-278.004	-200.998
1788.78	-260.127	-426.167
1869.33	-7.75238	114.763
1761.27	-294.594	69.0121
1818.53	-160.404	-111.875
1795.6	-81.114	73.1351
1761.27	-270.101	96.7568
1849.62	-79.6619	-104.591
1875.92	-201.74	70.7173
1794.05	277.776	393.228
1742.28	74.9519	611.384
1873.09	-258.91	177.816
1859.59	-239.426	143.24
1871.43	-105.301	49.5391
1863.99	-10.8004	-44.5129
1809.98	-199.605	-275.588
1879.21	-240.428	148.206
1873.42	-28.3588	-9.73803
1717.36	-8.90131	398.923
1812	129.6	80.016
1846.86	21.2409	339.287
1872.99	-225.131	123.814
1751.96	-270.22	-453.401
1830.38	189.297	-283.021
1750.89	-284.466	-447.982
1857.06	-155.109	218.464
1822.12	-100.651	352.021
1859.81	34.837	-221.075
1853.12	-238.752	199.574
1761.05	-120.179	-210.844
1842.62	-247.207	120.468
1834.61	-188.066	-249.136
1714.8	-26.3477	508.836
1810.67	-287.141	198.417
1708.71	258.613	-626.985
1799.72	-216.977	35.5478
1813.69	-273.682	177.012
1813.95	-280.49	273.244
1704.45	-146.041	649.862
1758.92	-171.714	-522.351
1743.35	-293.977	-516.696
1771.68	276.696	608.637
1731.94	290.378	591.109
1842.88	119.547	-39.4787
1741.07	-257.748	363.322
1707.49	285.227	766.916
1799.17	-100.212	296.334
1762.31	-81.7228	-319.802
1883.81	-256.256	-9.12398
1864.84	-64.4756	-253.175
1791.51	74.0646	-394.49
1814.95	-109.504	193.022
1865.99	49.9948	143.781
1863.59	-50.6675	-181.802
1863.31	41.8512	-290.292
1794.5	-250.842	-20.3993
1862.24	-41.561	-211.98
1771.35	-25.7906	-253.464
1742.16	278.057	-438.845
1796.43	208.525	-512.684
1833.54	-214.296	169.292
1723.19	264.419	122.214
1836.47	204.612	-239.456
1820.15	-260.745	-11.5316
1801.22	-287.871	345.235
1837.9	-243.465	295.353
1831.79	-270.626	-82.1528
1832.84	131.807	294.223
1820.13	249.558	2.84688
1862.97	-112.021	194.928
1755.38	148.976	-280.163
1849.32	-163.477	-146.808
1825.33	-298.119	442.545
1827.74	-172.135	168.168
1731.94	-283.897	670
1864.1	79.7521	55.8104
1708.43	-57.1678	85.2951
1863.03	-31.6073	101.408
1834.31	-179.463	-295.65
1740.55	-217.403	-444.348
1863.84	-250.74	-249.745
1811.64	-49.2334	-262.338
1822.01	-280.822	53.3555
1868.01	-57.9199	-92.0197
1747.64	-281.497	380.453
1748.51	-284.885	-150.072
1793.58	-296.39	-372.144
1845.87	-168.675	194.86
1820.74	-201.212	-304.957
1867.47	-222.185	-46.5748
1717.76	-209.872	470.92
1884.66	-283.238	-12.284
1779.56	-46.4609	-492.283
1776.04	203.474	-576.685
1810.88	177.262	289.012
1869.54	156.399	77.5086
1830.09	83.5064	52.0527
1756.47	-253.938	251.803
1861.96	-95.0196	25.6497
1777.58	-282.916	120.936
1709.42	-164.649	-76.772
1868.97	-208.264	-30.8718
1878.2	-248.247	-166.687
1826.59	-281.777	166.747
1864.47	4.58832	-6.53077
1765.56	-223.859	638.933
1735.05	-147.561	591.587
1852.12	27.4149	317.511
1714.38	-274.237	712.716
1787.48	142.775	-278.511
1743.78	-239.462	606.352
1777.47	162.988	163.877
1711.69	46.4064	630.01
1882.75	-152.483	-7.08594
1827.19	-110.419	-355.662
1855.43	-16.8829	-158.112
1706.61	-259.494	-739.043
1771.53	-296.59	-10.4972
1722.44	-149.017	-573.516
1732.35	248.704	561.181
1880.83	-80.5103	-35.0083
1856.15	-181.187	-166.964
1705.56	-7.30487	379.47
1794.24	36.4487	134.65
1836.26	73.5839	-77.1752
1754.75	-154.64	-644.422
1720.88	-168.593	49.9105
1837.94	-46.6616	200.843
1777.43	-295.901	-904.405
1769.18	-242.057	-404.93
1761.15	-247.82	172.061
1771.98	-250.998	249.991
1751.51	-210.504	250.916
1818.95	-272.27	9.85942
1710.77	-194.282	-503.706
1870.19	-157.348	227.672
1882.58	-178.421	-137.488
1864.47	-154.294	12.4207
1705.71	-7.63611	-511.587
1851.3	-263.971	-186.102
1749.52	263.804	-678.126
1756.71	-23.2805	46.124
1878.13	-75.5186	-119.965
1765.14	-271.43	-333.11
1806.48	114.045	408.914
1759.43	189.251	329.175
1707.52	-41.4932	240.971
1860.45	-185.457	-107.322
1845.16	-58.0923	-69.311
1850.98	-32.4112	-204.925
1774.62	-197.424	578.709
1840.79	246.309	-374.916
1812.08	-179.243	283.13
1882.19	159.474	-96.9917
1820.17	-278.072	202.876
1738.42	-206.033	197.596
1733.39	-195.809	61.2994
1839.47	-44.1835	-316.384
1771.94	-283.049	-238.595
1790.73	-240.404	-1.65447
1771.96	-207.708	-81.6603
1863.1	-39.006	225.851
1725.16	-290.369	174.962
1707.43	-281.847	376.269
1769.31	107.329	58.16
1829.84	-207.393	410.894
1870.51	36.9063	146.356
1852.14	-293.824	-327.923
1728.07	-216.082	-613.831
1781.92	-32.7089	-115.61
1862.76	-215.864	-163.322
1841	-155.415	-98.4198
1880.03	-137.886	-150.257
1848.35	287.699	-315.897
1788.96	-158.962	459.685
1826.81	-267.347	-160.161
1808.64	14.9818	70.7004
1736.76	256.263	-550.071
1765.7	-133.168	-509.267
1763.05	-144.753	-3.95789
1812.99	-232.925	57.7377
1736.05	-187.985	50.2403
1864.95	-9.07013	-213.617
1876.28	-261.855	-15.0626
1872.83	-65.916	186.521
1705.36	-289.673	-446.788
1882.93	-100.262	-136.31
1849.02	-212.348	-138.298
1795.2	-226.386	489.025
1881.61	-298.707	-154.508
1855.94	-0.19812	118.881
1817.86	-175.746	364.906
1879.06	-262.042	-161.357
1710.02	-133.064	-276.33
1871.87	-208.661	-206.665
1785.53	-161.667	-155.876
1872.86	-151.427	-108.116
1711.11	269.484	659.938
1858.47	-32.2938	-256.69
1864.31	-223.592	-119.993
1788.19	143.364	191.55
1863.24	32.0325	-12.7772
1851.21	-136.566	276.452
1835.35	-261.596	-195.976
1721.67	181.909	559.671
1700.84	270.393	465.111
1862.88	-17.5135	178.087
1817.01	-187.397	287.438
1760.03	226.636	-320.447
1848.07	-195.194	-243.668
1801.02	79.6963	-491.263
1850.23	-242.805	43.9074
1875.91	-259.336	-162.921
1718.15	-109.006	-2.37531
1798.11	-193.002	-333.84
1708.77	-294.969	-449.767
1804.35	120.601	-36.1475
1855.79	-123.604	-264.227
1738.83	-262.107	-230.507
1873.61	-48.4728	-150.096
1867.24	-264.964	-209.096
1740.57	12.6536	-436.558
1873.68	-20.3324	-104.298
1716.21	-286.34	12.4883
1701.28	54.5325	-477.986
1794.72	-231.782	382.685
1845.88	9.93903	-270.082
1867.95	-207.169	88.088
1786.83	-254.459	-317.641
1811.53	70.5576	-110.242
1716.86	-282.524	457.08
1774.7	-196.553	550.33
1756.65	-146.919	493.132
1858.93	-63.4984	-196.641
1718.87	-122.428	-216.081
1830.35	-264.522	288.026
1835.06	236.789	-184.285
1811.39	90.0287	-224.891
1834.77	-122.535	-331.226
1712.96	133.933	-114.505
1703.57	-288.995	335.329
1724.25	-290.13	-297.389
1731.13	-288.226	659.309
1858.73	22.5617	285.145
1759.93	-158.576	-417.796
1723.83	-237.319	520.113
1843.21	-24.0916	222.69
1753.52	-240.327	-431.759
1832.52	-253.932	-146.066
1876.8	109.463	-173.486
1792.96	56.1279	-567.763
1837.77	256.211	195.71
1852.97	-259.972	-144.157
1754.17	209.306	-537.674
1756.26	-121.518	-233.456
1803	-238.707	70.1509
1866.59	-63.67	18.2294
1824.21	191.56	203.264
1741.14	-225.421	664.428
1861.14	-167.774	-227.616
1867.84	-250.966	-112.415
1861.15	-92.8198	170.899
1865.18	-160.76	265.577
1852.5	-182.961	242.605
1864.48	57.3505	189.719
1769.16	-293.922	581.06
1846.05	-52.9789	-237.992
1767.4	-244.562	200.389
1861.69	-81.3124	173.557
1775.43	-133.909	169.32
1844.32	214.572	-331.207
1881.52	-252.812	-28.2124
1824.48	-257.771	-387.427
1865.98	-5.52588	159.94
1790.68	59.8854	-91.501
1758.07	-294.798	-522.25
1844.96	-180.27	-389.019
1857.21	-169.118	124.083
1783.7	203.76	-141.576
1863.33	-43.5753	-45.614
1729.16	-187.2	288.507
1729.11	196.705	452.885
1729.98	-194.708	631.487
1866.09	-275.362	278.843
1861.55	-219.463	199.776
1760.48	-231.995	-341.125
1829.57	-260.595	-214.496
1762.68	-262.541	-216.636
1808.16	-292.998	-516.219
1700.24	158.138	564.01
1746.32	-33.0933	292.173
1878.73	-211.948	-20.7647
1803.55	97.8071	26.038
1748.66	16.6857	-678.892
1823.95	-26.8623	-458.831
1722.8	292.365	535.985
1872.68	-152.299	88.3349
1860.89	-280.11	240.771
1871.84	-279.105	71.5856
1834.69	32.6542	6.12645
1862.57	23.9894	-91.2473
1774.77	-60.0541	-579.256
1717.83	91.5767	-20.4679
1812.66	30.3621	404.573
1753.52	-206.993	537.112
1708.04	-190.518	484.802
1858.52	-173.926	287.556
1759.73	-250.604	592.92
1880.16	-290.293	-14.8273
1854.68	-121.347	302.616
1845.42	-236.296	371.859
1707.6	-289.714	317.908
1707.09	-147.847	162.213
1836.36	-298.775	38.2388
1815.82	-182.467	-83.2778
1773.71	-183.11	563.759
1844.85	103.852	248.585
1787.27	61.5661	385.888
1864.66	57.7555	244.546
1822.87	-99.1288	-418.261
1719.96	-190.393	619.331
1839.82	-233.493	362.973
1747.39	-227.905	613.425
1810.17	-121.991	490.061
1879.58	-193.929	-28.5901
1712.2	-268.792	-319.108
1720.82	-20.7894	-51.7375
1859.75	37.921	-160.386
1887.17	-284.413	-28.4237
1874.05	-199.557	-183.58
1739.02	-284.007	565.263
1825.33	-129.383	410.984
1857.67	-73.6631	-200.269
1842.58	-289.754	98.4659
1821.03	-197.517	-437.505
1710.65	-202.611	447.498
1783.7	-233.629	546.574
1859.49	-65.4284	217.815
1883.96	227.842	111.044
1841.49	-261.19	390.654
1788	-227.964	201.029
1788.5	145.952	338.126
1875.7	-221.885	-167.884
1855.55	-296.687	-314.933
1725.06	206.286	740.91
1780.73	-46.6397	-465.518
1816.97	1.09113	287.284
1871.28	-268.866	173.204
1882.18	-156.533	18.5665
1732.71	-272.122	464.323
1773.95	-152.386	-20.2776
1859.55	-218.979	-105.566
1758.67	-284.19	-352.922
1740.67	-75.7047	503.999
1792.7	-112.392	350.126
1845.08	167.731	286.952
1865.08	-222.878	36.8749
1833.53	-0.699707	-139.102
1825.24	-259.908	296.431
1724.37	-287.283	-557.53
1837.85	-284.73	-413.261
1799.66	-66.4275	-484.743
1776.97	-147.855	-419.311
1842.12	-138.215	321.821
1742.6	-122.308	304.437
1776.98	288.316	528.822
1843.42	-228.156	-273.915
1841.57	-209.936	65.1643
1847.23	-193.172	302.283
1869.52	-19.7864	206.658
1829.81	-249.984	401.693
1857.77	-132.594	57.0964
1831.12	-290.366	28.266
1826.97	-209.327	-161.12
1725.81	-209.295	-63.7142
1881.8	-234.744	-12.3999
1804.87	-206.327	-420.564
1864	33.2068	-0.305887
1735.1	-135.02	-493.501
1728.33	191.585	383.191
1811.74	71.8972	-454.583
1825.13	-225.819	-88.7749
1811.14	22.2429	-63.088
1772.18	-83.6653	-65.1299
1821.41	-264.305	263.539
1841.04	-108.951	83.6429
1871.62	-228.552	160.719
1734.46	-214.479	229.314
1863.42	142.93	212.453
1823.09	130.084	474.684
1857.5	-8.1217	257.399
1809.81	-196.921	-175.964
1816.88	-240.973	391.436
1875.82	85.6516	153.207
1848.9	-90.455	-16.3327
1762.03	-272.231	102.274
1824.99	-276.576	-158.06
1775.07	-272.125	-153.202
1866.51	-24.1976	51.1996
1724.59	51.9751	345.485
1759.59	27.2531	-368.72
1727.45	-137.516	106.428
1743.66	-50.3544	688.898
