0 1869.739344 0.035652
1 1.371041 0.169731
2 -0.001249 0.000359
3 3.220986 0.034483
4 3.351981 0.032510
5 41.834916 0.205592
6 1888.750000 0.000000
7 0.188123 0.000000
8 4.389010 0.000000
9 0.445013 0.092701
10 0.338943 0.004590
11 8.934708 0.128359
12 87.241818 0.828087
13 -0.000121 0.000857
14 4.704761 0.000000
15 9.017986 0.000000
16 51.486905 3.030610
17 -19.805618 0.330126
18 1888.750000 0.000000
19 -1.363022 0.000000
20 -418.081958 9.100577
21 234.360731 3.381459
22 -4739.471416 162.136980
23 3198.315220 21.477208
24 434.899807 7.738709
25 1609.991335 0.000000
26 -2038.378560 0.000000
27 -179.927654 0.000000
28 0.000000 0.000000
29 2273.107959 0.000000
