0 1864.374129 0.579429
1 1.733764 3.033274
2 0.000228 0.000000
3 0.881494 0.019841
4 2.773227 1.169007
5 67.658207 6.129515
6 1888.750000 0.000000
7 8.715050 0.187056
8 22.579066 0.135216
9 1.460434 0.131264
10 0.259270 0.002585
11 8.908054 0.108155
12 139.043007 0.208851
13 -0.006584 0.001008
14 -0.151105 0.079325
15 56.346391 0.580015
16 20.046544 9.949719
17 1.227774 0.814688
18 1888.750000 0.000000
19 -0.865033 2.466293
20 -26.632477 7.182036
21 79.224371 11.135888
22 146.982396 21.597699
23 1874.488546 0.095339
24 4.128984 0.065687
25 3.149512 3.908603
26 -33.555175 9.281149
27 64.725594 26.458141
28 0.000000 0.000000
29 0.000000 0.000000
