0 1864.379045 0.003795
1 1.478128 3.127640
2 0.000315 0.000063
3 0.855117 0.018347
4 2.895502 0.023676
5 55.048669 0.017632
6 1888.750000 0.000000
7 11.257264 0.037289
8 22.422223 0.023875
9 2.420185 0.135204
10 0.228899 0.002058
11 9.181800 0.040530
12 139.355217 0.000435
13 -0.005342 0.000022
14 -0.292022 0.068391
15 51.127322 0.190261
16 15.578410 0.079851
17 1.168317 0.542269
18 1888.750000 0.000000
19 -0.636639 0.020929
20 -18.902163 0.001147
21 72.925398 1.889739
22 149.238377 22.634769
23 1873.461872 0.112907
24 3.851172 0.043643
25 3.149512 3.908603
26 -33.555175 9.281149
27 64.725594 26.458141
28 0.000000 0.000000
29 0.000000 0.000000
