0 1864.6 0.050781
1 -7.3220 0.482851
2 0.001526 0.000234
3 1.2 0.044679
4 7.048117 0.059618
5 110.858213 0.472319
6 1888.750000 0.000000
7 50.0 1.589312
8 50.0 0.548415
9 90.0 5.417943
10 0.10 0.019988
11 80.0 1.826923
12 240.398037 22.202240
13 -0.015949 0.003484
14 -1.0 0.034915
15 50.0 1.223175
16 1.479083 0.391898
17 0.041643 0.090578
18 1888.750000 0.000000
19 -3.0 0.035155
20 33.185025 4.985007
21 117.720323 3.924291
22 27.181485 1.942858
23 1858.732076 0.199807
24 2.586637 0.184382
25 3.149512 0.000000
26 -24.651223 0.000000
27 64.725594 0.000000
28 0.000000 0.000000
29 0.000000 0.000000
