0 1864.040079 0.047769
1 -5.426441 0.513531
2 -0.000349 0.000352
3 0.697730 0.043702
4 3.465274 0.064343
5 68.896806 0.461469
6 1888.750000 0.000000
7 28.197019 2.361433
8 21.548206 0.439988
9 -228.115882 103.746083
10 0.009016 0.003192
11 -18.764718 17.317718
12 -13549.490078 72481.101723
13 0.705013 0.412927
14 -1.944271 0.094305
15 77.225715 1.677667
16 31.378937 0.779912
17 3.687523 0.237753
18 1888.750000 0.000000
19 13.586759 0.891253
20 24.747517 2.402477
21 134.953335 2.350838
22 20.688052 1.716249
23 1867.058334 0.193642
24 10.049403 0.180621
25 3.149512 0.000000
26 -24.651223 0.000000
27 64.725594 0.000000
28 0.000000 0.000000
29 0.000000 0.000000
