0 1863.962368 0.041699
1 -5.273902 0.462121
2 -0.000343 0.000309
3 0.669101 0.040231
4 3.664205 0.050512
5 71.385701 0.420143
6 1888.750000 0.000000
7 25.099638 1.350024
8 21.879241 0.502757
9 379.242938 6.432164
10 4.062237 0.360832
11 73.920159 1.669626
12 56.490833 2.839386
13 0.872991 0.043580
14 -1.896270 0.159354
15 78.660326 2.099867
16 29.801790 0.636207
17 3.605869 0.217600
18 1888.750000 0.000000
19 13.224491 0.637213
20 25.254092 2.557569
21 139.220488 2.576895
22 22.292821 1.039873
23 1867.301543 0.216073
24 10.443632 0.191070
25 3.149512 0.000000
26 -24.651223 0.000000
27 64.725594 0.000000
28 0.000000 0.000000
29 0.000000 0.000000
