0 1864.187410 0.043530
1 -4.901949 0.429703
2 0.000045 0.000335
3 0.751524 0.039286
4 2.971379 0.054917
5 61.704742 0.397941
6 1888.750000 0.000000
7 30.708051 2.744022
8 19.989186 0.414501
9 82.961117 0.421448
10 0.011582 0.030473
11 51.830603 0.963182
12 -348.482887 0.075178
13 -0.255048 0.150370
14 -1.954455 0.117092
15 72.456882 1.606622
16 31.107369 0.718494
17 3.511212 0.285954
18 1888.750000 0.000000
19 11.660785 0.736799
20 21.947293 1.783887
21 128.719442 1.669231
22 21.323371 2.247968
23 1866.477672 0.138642
24 9.049989 0.137420
25 3.149512 0.000000
26 -24.651223 0.000000
27 64.725594 0.000000
28 0.000000 0.000000
29 0.000000 0.000000
