0 1869.793188 0.038403
1 -0.982243 0.178942
2 0.000822 0.000378
3 3.170189 0.031492
4 3.096105 0.040645
5 41.014548 0.199622
6 1888.750000 0.000000
7 0.188123 0.000000
8 4.389010 0.000000
9 4.295370 0.172588
10 0.456693 0.003873
11 10.284773 0.145621
12 78.056447 0.585196
13 -0.007668 0.001045
14 4.704761 0.000000
15 9.017986 0.000000
16 59.387276 2.868233
17 -21.202548 0.299520
18 1888.750000 0.000000
19 -1.363022 0.000000
20 -531.865576 17.324630
21 247.142035 4.410409
22 -21941.489537 681.392293
23 3490.886907 25.964043
24 431.601250 9.921665
25 1609.991335 0.000000
26 -2038.378560 0.000000
27 -179.927654 0.000000
28 0.000000 0.000000
29 2273.107959 0.000000
