0 1870.104437 0.015127
1 -0.502360 0.180332
2 -0.001213 0.000342
3 4.206114 0.015054
4 3.642878 0.016686
5 48.168044 0.145150
6 1888.750000 0.000000
7 0.000000 0.000000
8 0.170807 0.316679
9 0.000000 0.000000
10 6.781418 2.935613
11 64.718901 6.805122
12 -0.000835 0.019421
13 0.000000 0.000000
14 59.780610 1.988606
15 -2.160774 0.186520
16 1888.750000 0.000000
17 -0.000002 0.724036
18 121.019221 0.966976
19 -4998.849798 45.094139
20 2228.412558 0.349841
21 100.000109 0.068954
22 300.046543 5.296344
23 -110.885742 3.410016
24 242.954821 3.151328
25 0.918914 0.009475
26 1999.830407 2.885609
