0 1870.091811 0.015148
1 -0.486375 0.180156
2 -0.001203 0.000342
3 4.209260 0.015034
4 3.680039 0.016761
5 48.284301 0.144943
6 1888.750000 0.000000
7 0.000000 0.000000
8 0.170807 0.316679
9 0.000000 0.000000
10 6.781418 2.935613
11 64.718901 17.300357
12 -0.000835 0.019421
13 0.000562 0.000004
14 35.627298 0.728852
15 -1.102909 0.126019
16 1888.750000 0.000000
17 -0.000002 0.870672
18 124.663760 0.969769
19 -1999.883503 14.366144
20 2202.238690 0.357080
21 100.008972 0.054254
22 1069.881899 12.870847
23 -126.385512 3.709619
24 220.347986 3.177936
25 0.982228 0.012134
26 667.885152 13.077196
