0 1870.124178 0.015098
1 -0.529007 0.180528
2 -0.001181 0.000345
3 4.190953 0.015105
4 3.565434 0.016539
5 47.726962 0.145420
6 1888.750000 0.000000
7 0.000002 0.000000
8 0.170807 0.316679
9 0.000000 0.000000
10 6.781418 2.935613
11 64.718901 17.300357
12 -0.000835 0.019421
13 0.068880 0.000482
14 34.862708 1.975713
15 -5.999621 0.276405
16 1888.750000 0.000000
17 -0.000000 0.360020
18 129.621813 0.833144
19 -21666.687172 235.460122
20 2147.632761 0.261465
21 83.669955 0.074182
22 73.820785 1.532299
23 -110.311538 3.271629
24 237.579980 3.005918
25 7.210902 0.072152
26 1781.824726 1.188683
