0 1869.857053 0.040003
1 0.039221 0.189064
2 -0.000821 0.000373
3 3.434781 0.037167
4 3.442480 0.037140
5 44.976233 0.210460
6 1888.750000 0.000000
7 0.188123 0.000000
8 4.389010 0.000000
9 0.281718 0.102440
10 0.359294 0.004569
11 9.235657 0.129678
12 89.283970 0.748580
13 -0.001453 0.000945
14 4.704761 0.000000
15 9.017986 0.000000
16 53.525400 3.237499
17 -20.395756 0.346296
18 1888.750000 0.000000
19 -1.363022 0.000000
20 -487.815743 8.106629
21 245.303709 3.262447
22 -8709.688034 255.345504
23 3280.118096 20.713518
24 414.319442 6.703429
25 1609.991335 0.000000
26 -2038.378560 0.000000
27 -179.927654 0.000000
28 0.000000 0.000000
29 2273.107959 0.000000
