0 1869.600362 0.118386
1 -5.166566 0.508389
2 -0.002534 0.001716
3 3.185460 0.087442
4 3.666423 0.111769
5 34.502722 0.460799
6 1888.750000 0.000000
7 0.188123 0.000000
8 4.389010 0.000000
9 497.172998 36.061464
10 6.073066 0.717874
11 183.480606 8.653128
12 161.247806 2.965234
13 -0.198788 0.008009
14 4.704761 0.000000
15 9.017986 0.000000
16 137.654722 9.120133
17 5.038705 11.160613
18 1888.750000 0.000000
19 -1.363022 0.000000
20 -261.138683 38.536576
21 1323.037203 111.765697
22 472.370289 33.826975
23 2607.891972 53.562096
24 1217.248584 68.318671
25 1609.991335 0.000000
26 -2038.378560 0.000000
27 -179.927654 0.000000
28 0.000000 0.000000
29 2273.107959 0.000000
