0 1864.345152 0.035929
1 -0.873925 0.425370
2 -0.000531 0.000288
3 0.666219 0.034860
4 2.625873 0.052374
5 71.309817 0.407204
6 1888.750000 0.000000
7 8.294809 1.732929
8 26.965696 0.263158
9 -10.312095 1.200769
10 0.097280 0.003087
11 18.699237 0.500656
12 19432.584475 104035.099084
13 0.030566 0.002215
14 3.658407 0.221626
15 44.418036 1.436491
16 113.431925 16.778259
17 10.556379 1.209572
18 1888.750000 0.000000
19 -9.968936 0.481944
20 6.358440 1.947319
21 124.352337 2.159111
22 202.360052 42.072830
23 1868.487037 0.122651
24 7.324580 0.113049
25 3.149512 0.000000
26 -24.651223 0.000000
27 64.725594 0.000000
28 0.000000 0.000000
29 0.000000 0.000000
