0 1869.746826 0.036552
1 -0.424304 0.175371
2 -0.000826 0.000350
3 3.182039 0.035645
4 3.237735 0.034230
5 41.506087 0.215323
6 1888.750000 0.000000
7 0.188123 0.000000
8 4.389010 0.000000
9 0.454530 0.087621
10 0.351481 0.005026
11 8.780019 0.131121
12 86.207018 0.861190
13 -0.001109 0.000846
14 4.704761 0.000000
15 9.017986 0.000000
16 48.252689 2.839567
17 -19.786359 0.346084
18 1888.750000 0.000000
19 -1.363022 0.000000
20 -413.229020 10.034798
21 234.893612 3.492334
22 -4852.680869 208.384988
23 3228.056216 23.430010
24 445.803520 8.497396
25 1609.991335 0.000000
26 -2038.378560 0.000000
27 -179.927654 0.000000
28 0.000000 0.000000
29 2273.107959 0.000000
