0 1870.003445 0.046188
1 -0.237936 0.258890
2 -0.000323 0.000464
3 4.303530 0.035891
4 3.159401 0.037120
5 48.087295 0.223093
6 1888.750000 0.000000
7 0.188123 0.000000
8 4.389010 0.000000
9 72.661265 5.328838
10 0.584721 0.037070
11 47.828531 1.657455
12 140.030300 2.130462
13 -0.002802 0.003104
14 4.704761 0.000000
15 9.017986 0.000000
16 20.032193 3.957655
17 -15.878089 0.770558
18 1888.750000 0.000000
19 -1.363022 0.000000
20 -490.724465 43.245926
21 348.690045 27.094379
22 -177.070052 13.287829
23 2786.918038 75.585607
24 504.798321 30.578301
25 1609.991335 0.000000
26 -2038.378560 0.000000
27 -179.927654 0.000000
28 0.000000 0.000000
29 2273.107959 0.000000
