0 1869.489905 0.087762
1 -4.254929 0.415974
2 0.000093 0.001156
3 3.097342 0.063715
4 3.625327 0.080240
5 36.813132 0.388545
6 1888.750000 0.000000
7 0.188123 0.000000
8 4.389010 0.000000
9 2200.604274 59.273103
10 779.653087 116.079999
11 438.707480 7.680866
12 110.845140 0.656327
13 -0.217585 0.007324
14 4.704761 0.000000
15 9.017986 0.000000
16 687.798551 0.023716
17 0.171174 16.097964
18 1888.750000 0.000000
19 -1.363022 0.000000
20 4081285.111027 154816687.443059
21 -154730.577172 22636644.830637
22 -184193.088153 74678763.977672
23 190065948.382475 118788188.541775
24 -74565244.917468 46633372.720600
25 1609.991335 0.000000
26 -2038.378560 0.000000
27 -179.927654 0.000000
28 0.000000 0.000000
29 2273.107959 0.000000
