0 1870.025730 0.026012
1 0.048196 0.174264
2 -0.001286 0.000277
3 4.10 0.020894
4 4.357624 0.022696
5 48.0 0.143327
6 1888.750000 0.000000
7 0.188123 0.000000
8 4.389010 0.000000
9 72.661265 1.414214
10 0.0 0.0
11 47.828531 1.414214
12 140.030300 1.414214
13 -0.002802 1.414214
14 4.704761 0.000000
15 9.017986 0.000000
16 65.080351 2.253465
17 -22.048496 0.208245
18 1888.750000 0.000000
19 -1.363022 0.000000
20 -416.503489 6.783729
21 212.631910 2.269563
22 -13430.186656 360.832813
23 3208.240515 14.617809
24 384.411970 4.457106
25 1609.991335 0.000000
26 -2038.378560 0.000000
27 -179.927654 0.000000
28 0.000000 0.000000
29 2273.107959 0.000000
