0 1869.696248 0.039468
1 -0.628809 0.169858
2 -0.001138 0.000501
3 2.80 0.039979
4 2.90 0.040993
5 39.0 0.268206
6 1888.750000 0.0
7 2.0 0.4
8 0.0 0.0
9 0.0 0.0
10 0.0 0.0
11 47.828531 1.414214
12 140.030300 1.414214
13 0.0 0.0
14 -7571.9 0.500000
15 0.0 0.0
16 69.211769 6.236902
17 -2.021301 0.390368
18 1888.750000 0.000000
19 0.0 0.0
20 -6.164086 3.010143
21 174.068058 2.849896
22 -467.239293 29.471211
23 2751.216423 5.721409
24 279.366143 1.556529
25 613.441235 35.391027
26 -220.545379 5.368836
27 91.150771 6.917923
28 3.247611 1.012325
29 488.294492 80.873949
