0 1864.414105 0.584578
1 1.134243 0.256063
2 0.000310 0.000176
3 0.818075 0.018414
4 2.689642 1.175642
5 56.277671 0.219878
6 1888.750000 0.000000
7 8.514060 8.321292
8 21.178154 0.131554
9 1.580193 0.113534
10 0.222682 0.000497
11 8.855478 0.104524
12 134.714613 1.340332
13 -0.005698 0.000218
14 -0.657755 0.043720
15 58.472058 0.000062
16 17.575554 0.380600
17 1.666988 0.270639
18 1888.750000 0.000000
19 -0.760216 0.042368
20 -15.010676 1.493693
21 72.378071 15.123148
22 145.091374 1.072211
23 1874.166489 2.931747
24 3.904243 0.008464
25 3.149512 3.908603
26 -33.407443 9.207324
27 64.725594 26.458141
28 0.000000 0.000000
29 0.000000 0.000000
