0 1869.634550 0.095636
1 -0.457352 0.402867
2 -0.005785 0.001546
3 1.952197 0.084269
4 2.043149 0.087726
5 26.608172 0.543858
6 1888.750000 0.000000
7 2.66 1.677788
8 4.389010 0.000000
9 0.625503 0.130772
10 0.426287 0.017481
11 4.956183 0.141182
12 55.887873 1.161485
13 -0.006349 0.001812
14 4.704761 0.000000
15 9.017986 0.000000
16 35.154542 11.968363
17 2.740903 1.383726
18 1888.750000 0.000000
19 -1.363022 0.000000
20 -6.564396 1.413375
21 79.789929 1.225771
22 129534.900609 33271.003852
23 3430.025807 113.835745
24 401.202099 16.965682
25 1609.991335 0.000000
26 -2038.378560 0.000000
27 -179.927654 0.000000
28 0.000000 0.000000
29 2273.107959 0.000000
