0 1869.797053 0.037510
1 -1.714342 1.066674
2 -0.000817 0.000399
3 3.426053 0.039669
4 3.392141 0.036806
5 42.773911 0.304295
6 1888.750000 0.000000
7 0.188123 0.000000
8 4.389010 0.000000
9 0.566144 0.116910
10 0.304097 0.005788
11 9.965162 0.194589
12 96.412598 1.395978
13 -0.001286 0.001161
14 4.704761 0.000000
15 9.017986 0.000000
16 512.021010 0.000335
17 -1.912352 1.303737
18 1888.750000 0.000000
19 -1.363022 0.000000
20 -415.787717 6.196505
21 269.083260 3.606477
22 -1414.667099 3.701987
23 3043.854341 20.696640
24 453.154028 8.597169
25 1609.991335 0.000000
26 -2038.378560 0.000000
27 -179.927654 0.000000
28 0.000000 0.000000
29 2273.107959 0.000000
