0 1864.481051 0.036660
1 0.796965 0.287110
2 -0.000374 0.000296
3 0.921973 0.033942
4 3.613565 0.056292
5 63.273184 0.273456
6 1888.750000 0.000000
7 14.755554 1.768077
8 23.242683 0.269955
9 1.798044 0.370237
10 0.208883 0.006129
11 9.513755 0.221918
12 128.098355 2.377577
13 -0.002934 0.001457
14 0.032672 0.135641
15 50.432353 1.304188
16 26.847380 1.157546
17 1.908258 0.242121
18 1888.750000 0.000000
19 4.364838 0.700366
20 -19.764355 1.346379
21 62.599678 1.342729
22 113.106601 13.876801
23 1877.263207 0.150222
24 3.888044 0.094943
25 3.149512 0.000000
26 -24.651223 0.000000
27 64.725594 0.000000
28 0.000000 0.000000
29 0.000000 0.000000
