0 1869.696248 0.039468
1 -0.628809 0.169858
2 -0.001138 0.000501
3 2.819869 0.039979
4 2.960707 0.040993
5 39.020755 0.268206
6 1888.750000 0.000000
7 0.000020 0.000004
8 0.170807 0.059067
9 0.0 0.0
10 6.781418 0.068985
11 71.213968 0.600842
12 -0.000835 0.000645
13 0.075719 0.013724
14 69.211769 6.236902
15 -2.021301 0.390368
16 1888.750000 0.000000
17 -6.164086 3.010143
18 174.068058 2.849896
19 -467.239293 29.471211
20 2751.216423 5.721409
21 279.366143 1.556529
22 613.441235 35.391027
23 -220.545379 5.368836
24 91.150771 6.917923
25 3.247611 1.012325
26 488.294492 80.873949
