0 1869.700608 0.014870
1 -0.839390 0.140387
2 -0.001088 0.000411
3 2.822426 0.016345
4 2.943772 0.017774
5 38.759852 0.169316
6 1888.750000 0.000000
7 0.000015 0.000000
8 0.245229 0.041194
9 0.460821 0.003058
10 6.816508 0.033256
11 70.547054 0.283503
12 -0.000777 0.000493
13 0.103494 0.001282
14 39.958201 1.233004
15 -3.947527 0.163751
16 1888.750000 0.000000
17 -29.779424 1.510859
18 152.259232 1.075200
19 -1456.599567 27.291128
20 2750.688968 0.963765
21 271.366357 0.307152
22 603.919240 18.282904
23 -218.332726 2.915026
24 95.244364 4.468305
25 6.108015 0.987408
26 677.521507 45.782497
