0 1864.278996 0.103374
1 -2.779760 0.704538
2 -0.001918 0.001066
3 1.241632 0.100754
4 2.737516 0.131893
5 45.769735 0.705290
6 1888.750000 0.000000
7 28.782742 13.998767
8 18.837998 0.831172
9 -33.428427 1.738075
10 0.102736 0.004558
11 17.504799 0.990932
12 233.723906 19.663267
13 -0.002676 0.004908
14 -2.368213 0.250872
15 41.660373 4.981491
16 78.565927 25.695567
17 2.894652 1.601072
18 1888.750000 0.000000
19 0.984062 1.111910
20 8.779188 2.418091
21 101.370125 3.106996
22 42.844206 19.547450
23 1866.338279 0.245394
24 7.947501 0.324838
25 3.149512 0.000000
26 -24.651223 0.000000
27 64.725594 0.000000
28 0.000000 0.000000
29 0.000000 0.000000
