0 1869.772333 0.038741
1 -1.184851 0.180877
2 -0.000326 0.000364
3 3.215289 0.032200
4 3.173601 0.038714
5 41.225314 0.203663
6 1888.750000 0.000000
7 0.188123 0.000000
8 4.389010 0.000000
9 4.311655 0.141804
10 0.441015 0.004031
11 10.283056 0.135822
12 79.666454 0.584996
13 -0.008750 0.001041
14 4.704761 0.000000
15 9.017986 0.000000
16 52.317488 2.824645
17 -20.476945 0.306160
18 1888.750000 0.000000
19 -1.363022 0.000000
20 -507.700829 14.901886
21 239.005836 3.963085
22 -25648.151812 853.657566
23 3508.763522 28.423272
24 434.665970 10.330220
25 1609.991335 0.000000
26 -2038.378560 0.000000
27 -179.927654 0.000000
28 0.000000 0.000000
29 2273.107959 0.000000
