0 1866.571458 0.092959
1 -3.930383 0.410994
2 0.004707 0.001309
3 3.432260 0.078767
4 2.848307 0.074062
5 34.497446 0.458575
6 1888.750000 0.000000
7 0.188123 0.000000
8 4.389010 0.000000
9 -0.447683 0.400061
10 0.262912 0.006205
11 12.505970 0.602301
12 95.353512 2.294237
13 0.023759 0.003917
14 4.704761 0.000000
15 9.017986 0.000000
16 20.861895 9.736142
17 13.603766 2.162919
18 1888.750000 0.000000
19 -1.363022 0.000000
20 -377.322688 30.638356
21 -203.070100 10.761576
22 2553.267318 266.443120
23 3203.011139 79.077307
24 465.586996 21.584419
25 1609.991335 0.000000
26 -2038.378560 0.000000
27 -179.927654 0.000000
28 0.000000 0.000000
29 2273.107959 0.000000
