0 1864.362732 0.039275
1 0.957392 0.333562
2 0.000148 0.000419
3 0.730762 0.029729
4 2.332123 0.059099
5 49.021883 0.298227
6 1888.750000 0.000000
7 9.624740 0.824172
8 19.402241 0.325049
9 2.427029 0.312689
10 0.0 0.0
11 8.359951 0.255691
12 128.292545 3.727642
13 -0.003989 0.001805
14 -0.761874 0.195154
15 45.120405 1.832613
16 8.282664 0.708332
17 3.606959 0.173871
18 1888.750000 0.000000
19 -0.351395 0.187049
20 -12.030576 2.331763
21 49.046522 2.115515
22 135.103383 14.961327
23 1872.668343 0.245195
24 3.285140 0.181893
25 3.149512 0.000000
26 -24.651223 0.000000
27 64.725594 0.000000
28 0.000000 0.000000
29 0.000000 0.000000
