0 1869.710255 0.029287
1 -0.644749 0.160955
2 -0.000747 0.000480
3 2.775896 0.028695
4 2.862776 0.030691
5 37.109462 0.217650
6 1888.750000 0.000000
7 0.000024 0.000001
8 0.244503 0.056113
9 0.419996 0.005441
10 6.740378 0.058465
11 71.392222 0.509668
12 -0.001082 0.000649
13 0.117909 0.003761
14 63.109985 4.822492
15 -2.179751 0.335814
16 1888.750000 0.000000
17 -2.277157 2.331047
18 172.208470 2.609581
19 -637.897442 34.634718
20 2763.814293 3.130818
21 279.804633 0.934184
22 718.776801 28.805288
23 -214.969116 5.466473
24 100.548975 6.612152
25 2.363917 0.583893
26 480.148263 77.520829
