0 1864.458187 0.587978
1 1.186449 0.280045
2 0.000436 0.420735
3 0.784178 0.015884
4 2.950614 0.024881
5 62.234624 0.109129
6 1888.750000 0.000000
7 7.885127 0.183476
8 23.380229 0.030752
9 1.927472 0.000013
10 0.248109 0.210362
11 8.830507 0.000011
12 134.377820 24.525669
13 -0.004385 0.000000
14 -0.002134 0.022749
15 53.172629 0.111759
16 15.621349 0.385031
17 1.018277 0.910994
18 1888.750000 0.000000
19 -0.922126 2.492539
20 -8.268351 7.091692
21 63.557904 19.765834
22 148.377055 4.117186
23 1874.233370 0.105807
24 4.137247 0.086930
25 3.149512 3.908603
26 -33.407443 9.133416
27 64.725594 26.458141
28 0.000000 0.000000
29 0.000000 0.000000
