0 1864.362731 0.004366
1 0.957386 0.239146
2 0.000153 0.000007
3 0.730765 0.002752
4 2.332123 0.021466
5 49.021882 0.017308
6 1888.750000 0.000000
7 19.998644 0.000011
8 19.402246 0.000023
9 2.427029 0.139761
10 0.164797 0.001881
11 8.359952 0.079864
12 128.292853 0.778086
13 -0.003988 0.000851
14 -0.761875 0.358413
15 45.120361 0.199512
16 24.896976 0.277503
17 1.851533 0.000004
18 1888.750000 0.000000
19 -0.351395 0.121168
20 -17.788361 10.515588
21 49.046525 0.000010
22 149.228722 0.584852
23 1872.668344 0.083552
24 3.285140 0.039306
25 3.149512 3.908603
26 -33.407443 8.756220
27 64.725594 26.458141
28 0.000000 0.000000
29 0.000000 0.000000
