0 1869.745580 0.036067
1 -0.670744 0.166683
2 -0.000951 0.000335
3 3.236965 0.033635
4 3.328711 0.033700
5 41.693765 0.202051
6 1888.750000 0.000000
7 0.188123 0.000000
8 4.389010 0.000000
9 0.490194 0.101958
10 0.337273 0.004792
11 9.206816 0.129632
12 86.692053 0.780268
13 -0.000721 0.000923
14 4.704761 0.000000
15 9.017986 0.000000
16 45.087565 2.246051
17 -19.886288 0.316002
18 1888.750000 0.000000
19 -1.363022 0.000000
20 -394.799234 10.588738
21 220.204584 3.329679
22 -3697.903185 54.154131
23 3055.037182 19.181251
24 428.258805 9.496195
25 1609.991335 0.000000
26 -2038.378560 0.000000
27 -179.927654 0.000000
28 0.000000 0.000000
29 2273.107959 0.000000
