  1873.369     -287.7776     -160.8738    
  1733.240      62.19765      201.4733    
  1816.966     -190.2217      472.7689    
  1846.976     -267.2059     -85.13654    
  1863.412      42.21383     -1.518881    
  1847.586     -246.5961     -371.9111    
  1852.103     -99.45077      305.8177    
  1701.408      215.2140     -388.1902    
  1853.721     -64.67599     -171.0922    
  1711.123      240.4394     -608.3936    
  1756.179     -195.5189     -148.0855    
  1849.838     -272.1296     -49.79832    
  1813.317    -0.8766479     -398.5655    
  1867.888     -126.6321      173.7785    
  1878.449     -254.3847      152.2655    
  1870.004      56.57742     -189.6940    
  1837.708     -76.25761      170.0639    
  1878.862     -299.0796      126.1494    
  1865.498      23.72084     -176.1342    
  1839.209     -258.8306     -324.4513    
  1785.241     -190.3768      298.1541    
  1703.411     -214.5295     -476.4957    
  1871.610     -195.0504     -80.44700    
  1875.184     -164.0602      146.9019    
  1863.423     0.9201584      299.8145    
  1874.447      6.256453      165.6439    
  1780.006      172.5768     -482.0685    
  1784.896     -297.8379      524.7120    
  1833.610     -268.9386     -65.50537    
  1877.496     -206.3586      94.60983    
  1763.825     -106.6069      164.4047    
  1768.030     -163.7982      644.4197    
  1873.483     -76.82813      226.0680    
  1748.118     -289.5723     -185.9277    
  1860.262     -113.8348      261.3718    
  1864.659      18.37828      149.6270    
  1701.336     -279.6024     -175.9205    
  1867.640     -288.9041     -129.8571    
  1757.780     -198.5386      463.2244    
  1718.108     -286.5950      306.4074    
  1868.312      298.7579      87.60034    
  1786.458     -240.2740      488.9716    
  1702.156     -28.78722      505.6301    
  1788.091      119.7995     -548.0317    
  1864.287      93.78950      66.88950    
  1863.271      30.05292      27.40287    
  1876.347     -94.48069      163.2521    
  1861.415      77.05692     -112.6670    
  1882.935     -292.2490      120.7033    
  1808.065     -219.9119     -491.5754    
  1737.455     -237.5208     -512.6831    
  1887.262     -180.0852     -59.31502    
  1851.557     -155.4591     -284.9165    
  1873.489     -217.9377      77.53711    
  1872.302     -87.48942      50.53145    
  1874.187     -143.9111      78.76769    
  1776.333     -147.9514      410.3347    
  1701.176     -268.4032      367.3085    
  1865.939     -5.622701      180.7762    
  1716.610     -259.5662      469.1597    
  1760.644     -277.1157      331.7692    
  1885.683     -242.4161      28.40886    
  1866.395     -88.19472     -41.35684    
  1858.514     -150.7113      144.4292    
  1725.909      20.67902     -394.9489    
  1883.794     -216.1269      83.49744    
  1725.807     -276.2054     -285.6564    
  1794.453     -236.5652      480.6179    
  1874.379      7.067330      222.0389    
  1867.014      25.76043      56.58186    
  1715.455      211.6755     -500.6646    
  1718.993     -283.0699     -653.1354    
  1729.479     -291.9733     -704.8716    
  1739.977     -4.836610     -265.1814    
  1804.500     -252.8229     -550.7521    
  1874.079     -244.5272      204.9916    
  1755.426     -84.31710     -60.68315    
  1775.432     -195.1570      237.1854    
  1737.227     -196.4095     -588.1399    
  1834.978     -122.9008     -217.5972    
  1755.457     -97.30863     -587.5955    
  1838.197     -241.0422      418.8020    
  1829.040     -212.5929     -326.1649    
  1717.953     -297.7247      674.7291    
  1826.716     -4.716257      445.9781    
  1762.818     -248.4620     -260.5261    
  1802.847     -93.63142     -206.8773    
  1734.760     -224.2374     -686.8461    
  1880.937     -208.7296      123.1226    
  1708.085     -240.9702     -582.9934    
  1727.077     -294.5247     -186.6048    
  1870.644     -279.6420     -178.5968    
  1860.340     -65.32568     -275.3239    
  1868.059     -255.0700      87.65631    
  1792.649     -83.62466      417.2726    
  1858.182     -179.6831      310.3501    
  1750.521      54.89435      63.73890    
  1864.649      32.47059      87.92368    
  1860.325    -0.4755606      4.406010    
  1743.736     -22.89932      28.59079    
  1887.163     -279.5280     -5.526627    
  1730.019     -162.8353     -620.5222    
  1861.818     -33.24076      128.6233    
  1823.509     -102.1397     -184.2810    
  1866.050     -54.66871     -132.0963    
  1790.070     -80.73418     -501.8723    
  1737.080      96.21184     -303.4544    
  1866.502      11.42140     -199.9690    
  1796.383     -246.0923      262.5433    
  1755.526     -239.5177     -118.3501    
  1709.437     -206.4115      760.1266    
  1868.874     -43.55998      171.7708    
  1862.193     -202.5662      192.2362    
  1865.451     -13.02407     -17.47419    
  1728.820     -43.79657      734.2262    
  1729.394     -233.1525     -420.2853    
  1732.137     -251.2643      342.9539    
  1760.237     -44.99799      470.0470    
  1860.397     -109.4057     -145.5336    
  1858.577      64.88097     -230.9213    
  1836.984     -195.6560     -406.6070    
  1867.054     -224.6978     -168.4571    
  1752.307     -193.1055      663.4554    
  1711.239     -271.4909      157.6306    
  1752.708     -134.8487     -241.3085    
  1728.348     -47.91319     -333.7809    
  1876.957     -148.6555      204.1179    
  1880.234     -249.0536      83.53458    
  1807.612     -223.6940      515.1161    
  1705.943     -180.0646     -469.1565    
  1708.010     -145.9952     -728.7531    
  1818.046      128.5347     -99.12489    
  1851.858     -170.8790      355.6251    
  1819.785     -52.69704     -475.0846    
  1772.532     -13.84484     -430.9664    
  1862.895     -208.9825      85.13485    
  1734.157     -231.5394      425.9486    
  1790.644     -87.07431      526.6293    
  1866.596     -211.4457      247.0082    
  1753.733     -284.4755     -592.8763    
  1874.963      198.2949     -48.11885    
  1883.599      130.3998      93.73083    
  1853.188      179.5509      150.3919    
  1878.576     -140.1871     -137.0118    
  1846.866     -298.0159     -145.1393    
  1872.403      33.63152     -58.53780    
  1717.011     -143.7900     -72.71645    
  1741.594     -155.4829      251.0054    
  1787.160     -63.41382     -190.4781    
  1763.180     -249.3751     -82.60780    
  1730.748     -288.7598     -568.1357    
  1726.597     -130.5507      236.9012    
  1865.875      64.60513      30.33334    
  1819.359     -43.99772     -17.68893    
  1727.038      218.9748     -472.9546    
  1866.109     -66.17637     -151.6808    
  1703.600     -254.8062      720.4771    
  1754.681     -223.2870      679.7812    
  1865.662     -291.4384      276.4206    
  1799.773     -287.7216      272.1293    
  1874.293     -282.3375     -87.20054    
  1841.965     -106.5324      322.8410    
  1762.200     -236.7778      473.3470    
  1854.239      227.7518     -322.4288    
  1814.361     -25.16812     -446.5448    
  1868.026     -233.6839     -63.23088    
  1746.847     -165.8604     -134.4951    
  1853.798     -195.5273      182.7838    
  1701.591     -295.0450     -106.2447    
  1862.987     -239.3683     -34.59982    
  1784.318     -181.3559     -292.0030    
  1750.899     -299.3776      554.5975    
  1853.436     -207.1020      83.58990    
  1779.777      2.902112     -511.5326    
  1813.886     -253.2763     -117.4688    
  1735.125     -240.2345     -102.9084    
  1816.845     -23.88476      371.0908    
  1835.657     -145.1263     -439.3889    
  1741.412      266.6626     -528.0671    
  1867.094     -4.166064      274.5248    
  1728.775     -76.23022      260.5673    
  1875.314     -253.5619      25.07899    
  1868.256     -236.7690     -90.07327    
  1761.793     -250.9303     -570.6481    
  1816.903     -209.3708     -317.0219    
  1873.560     -196.3956     -102.0059    
  1773.118     -277.8738      509.4120    
  1732.821     -273.4381     -593.2772    
  1745.574     -64.76394     -12.08206    
  1840.447     -160.0047      419.4657    
  1828.240     -170.7263      431.8877    
  1833.123     -264.1746      431.2290    
  1736.264     -83.62681     -317.4325    
  1782.703     -221.1770      509.4148    
  1818.891     -231.9253      352.9505    
  1861.449      224.6187      288.8991    
  1861.488     -219.2501     -280.5223    
  1851.933     -117.4647     -342.1567    
  1776.373     -141.0494     -549.8359    
  1856.902      71.80447     -308.4128    
  1771.216      251.3050      598.7333    
  1832.923     -265.5507     -426.4110    
  1835.610     -244.4033     -339.4302    
  1860.919      47.94485     -256.8921    
  1825.958     -243.1569      27.58533    
  1856.464     -218.0627     -52.47508    
  1876.059     -141.7657      212.7267    
  1755.499     -95.31952     -518.7425    
  1828.706      272.5453     -260.8121    
  1844.991     -233.0029     -51.82492    
  1744.122     -71.91393      329.7924    
  1868.856      99.74550      36.50304    
  1854.180      179.0827     -292.3978    
  1853.970     -143.7878     -31.75392    
  1702.294      158.0259      138.9170    
  1775.424     -15.89770     -46.83717    
  1720.675      136.4402     -412.3763    
  1803.969      280.3521     -239.3813    
  1865.280     -219.8770     -63.44553    
  1711.156     -140.5099      743.4125    
  1874.687     -130.4031      170.7541    
  1796.017     -199.1443      247.6291    
  1707.029     -166.3636      301.3415    
  1862.002      75.53980     -12.53601    
  1842.907      31.01275      319.8440    
  1866.790      23.65713      62.61926    
  1716.755     -280.4700      196.5523    
  1807.250     -7.483111      256.7357    
  1841.141     -107.9485      368.9588    
  1716.231      35.56213      650.3814    
  1748.674      141.4943     -260.3459    
  1859.936     -274.9572     -14.42248    
  1732.654     -261.4868     -591.6750    
  1811.336      234.7299     -214.1093    
  1745.939     -117.3866     -436.4554    
  1746.345     -283.3176      392.9735    
  1780.777      91.91260      20.94322    
  1861.317     -287.1642     -184.4267    
  1883.444     -24.62340      125.9815    
  1799.652     -282.3157      564.3867    
  1871.775     -117.9476      31.90878    
  1783.544      231.7842      153.0926    
  1778.339     -293.0378      380.9587    
  1858.519     -201.0137      274.4821    
  1886.041     -275.4274      65.19415    
  1837.726      103.0106     -291.2475    
  1742.254     -290.3285      279.0953    
  1778.845     -289.5902      623.6245    
  1733.450     -250.7798     -596.0762    
  1827.601     -218.9578      163.3004    
  1803.750     -270.1259      228.2677    
  1808.232     -284.1825     -357.2532    
  1862.725      25.42300      115.3070    
  1710.171     -184.5538      131.1189    
  1742.751      5.065040     -478.0768    
  1801.270     -264.0844      498.9064    
  1855.242      64.04561     -262.7184    
  1825.427     -149.0478     -164.3082    
  1729.192      35.54098     -426.3157    
  1753.005      1.862010     -574.2903    
  1805.310     -175.9692      11.41030    
  1871.616     -292.3685     -44.75209    
  1746.991     -156.3500     -70.05557    
  1737.278     -276.2176      520.9440    
  1792.597     -202.1255      432.4203    
  1715.745     -19.70725      522.1347    
  1876.385     -251.4495     -9.086860    
  1837.393     -235.2687      136.0169    
  1817.324      111.8410     -219.3654    
  1720.840     -183.9493     -274.5182    
  1864.250     -12.06402      106.4765    
  1719.570     -260.0667     -104.1663    
  1850.085     -281.9920      333.6644    
  1731.578      125.0520      450.6732    
  1867.738      22.57353     -228.0540    
  1878.780     -255.5135      87.34286    
  1731.974     -299.9730      586.1754    
  1871.885     -149.7843     -217.5692    
  1857.056     -297.8893     -115.3718    
  1782.786      120.5406      381.8923    
  1700.504     -295.2443      348.7722    
  1852.712     -171.2257      5.830699    
  1858.964      86.78555     -315.9912    
  1859.834     -193.5644      18.70413    
  1823.234     -67.05316      151.6104    
  1716.460     -80.39043     -58.08648    
  1784.058     -274.8413      373.7973    
  1853.831      9.002806      288.7880    
  1741.792     -288.4569      396.8863    
  1870.335     -94.96743     -29.67766    
  1717.035     -89.86042     -387.5027    
  1763.693      79.46032     -666.1606    
  1884.812     -291.5560     -93.50983    
  1868.570     -43.44816     -228.0058    
  1770.852     -169.6566     -369.7637    
  1881.953     -288.1716     -118.1328    
  1701.871     -57.07129     -390.1895    
  1807.411     -230.6915     -72.31166    
  1781.740     -276.5616      580.6974    
  1759.788     -198.6842     -19.40387    
  1852.966     -140.4956     -185.8607    
  1853.098     -35.27979      314.1587    
  1763.070     -254.7896      296.1766    
  1845.402     -269.9422      157.7303    
  1853.813      6.374411     -314.3084    
  1868.442      150.7225     -62.78044    
  1863.962      71.23238     -136.4577    
  1750.306     -137.4774     -655.1061    
  1872.184     -247.9676      119.5136    
  1828.616     -148.7131     -401.7887    
  1735.169     -293.5304      630.0657    
  1742.549     -225.3530     -358.4819    
  1799.894     -117.9672      55.43490    
  1819.962     -294.3205      486.5139    
  1702.171     -80.36864     -741.4857    
  1885.415     -253.5232      98.04637    
  1802.083     -234.2257      244.5746    
  1743.382     -176.3700     -13.47835    
  1860.651     -102.9124     -213.3481    
  1737.746     -164.5031      614.9635    
  1700.694     -288.3152      749.7908    
  1817.419     -246.7586     -301.3927    
  1866.435      7.187813      224.6459    
  1821.056      193.1153      9.106015    
  1773.516     -201.3452      451.1824    
  1885.603     -210.2498      50.18470    
  1804.509     -101.7510      357.5396    
  1828.250      147.7523     -162.0467    
  1845.816     -216.5984      286.5757    
  1860.662     -240.4721     -83.10916    
  1764.321     -95.02258      285.8181    
  1871.385     -263.9041      137.6261    
  1865.813      35.83005     -40.43063    
  1709.772      108.6111      270.3594    
  1851.564     -293.2289      16.20362    
  1876.968     -39.47910      163.7940    
  1867.776      82.34579      60.34985    
  1748.067     -12.91736      166.2953    
  1754.463     -86.46056      583.2674    
  1734.436     -292.7946      606.8138    
  1884.798     -225.1717      43.08568    
  1760.310     -219.6163     -455.8218    
  1879.420     -145.8316     -81.52142    
  1856.108     -235.5890      208.3509    
  1801.910     -227.5651      542.9971    
  1820.790      166.0704     -233.5827    
  1842.302     -68.17386     -99.25249    
  1793.293     -234.9669     -547.6107    
  1812.729     -52.78354     -336.1963    
  1771.376     -12.67349      158.8917    
  1763.349     -285.7337      572.8729    
  1754.663     -212.8735      607.9385    
  1715.270     -145.7365     -714.6457    
  1883.623     -179.7185      12.40331    
  1855.675     -203.3039      34.23764    
  1848.742      31.48282      20.36365    
  1832.254     -175.6583     -245.8586    
  1829.986     -292.8781     -380.8094    
  1777.256     -33.27159     -567.9313    
  1732.775     -277.7464     -515.0912    
  1860.949     -248.1285     -111.5975    
  1828.993      129.9086      165.5939    
  1865.704     -26.70959      275.7997    
  1838.288     -155.4861      298.6012    
  1730.298     -38.67583     -419.4274    
  1736.549     -5.634708      182.3274    
  1737.291      26.37959     -400.8165    
  1810.738     -195.7487     -293.6127    
  1874.262     -246.0129     -110.4329    
  1764.182     -256.0509     -634.0790    
  1870.709     -278.0795     -22.85972    
  1776.746      34.97048      484.4978    
  1850.012      144.0377     -30.83170    
  1712.023      184.5468      163.7577    
  1791.361     -171.7786     -133.6657    
  1723.837      229.4987     -698.4045    
  1885.665     -245.7115     -21.10671    
  1870.116      105.6138     -193.4486    
  1879.982      170.4392     -76.20915    
  1763.411     -196.9911      534.9397    
  1837.587      6.975055     -21.75844    
  1853.352     -139.4509     -14.16453    
  1729.659     -296.5292      392.5879    
  1870.167     -27.96329      169.7988    
  1824.136      83.39095     -383.1232    
  1869.972     -29.41360      24.53971    
  1840.327     -16.25271      286.1559    
  1819.681     -98.52655      331.0200    
  1854.821     -292.9576      72.61560    
  1714.444     -149.9397      272.4165    
  1778.425     -289.0265     -570.3469    
  1701.408     -290.6501      559.6880    
  1765.284     -260.0824      46.60456    
  1742.805     -281.1602     -252.3042    
  1868.490     -4.760459      263.9753    
  1866.466     -99.98260     -238.2518    
  1850.094     -237.2558     -291.2602    
  1852.473     -183.1233      233.1258    
  1778.434     -215.9931      451.6225    
  1879.925     -238.7717      145.3691    
  1853.463     -225.4375      32.91586    
  1857.286     -134.8271     -280.6569    
  1774.766     -297.0656     -29.36240    
  1852.906     -299.1335      122.9097    
  1789.395     -257.1546     -565.2172    
  1743.260     -110.3560      662.8972    
  1809.972     -213.6365     -142.8749    
  1769.198     -5.183584      123.5058    
  1874.398     -221.7386     -49.97093    
  1792.093     -180.1262     -479.8996    
  1728.196     -220.8457     -473.5153    
  1819.420      31.88046     -188.1192    
  1709.069     -106.7555     -725.0942    
  1757.872      56.23092      70.42412    
  1807.690      12.86331      283.3861    
  1845.396     -203.2547     -10.13237    
  1832.741     -250.7558      455.7735    
  1747.761      53.66040      539.1060    
  1872.386     -271.1108      99.12177    
  1729.377     -129.1600     -749.7717    
  1790.950     -101.3768      569.9336    
  1753.021     -244.3254      621.4958    
  1750.712     -184.4399      87.20982    
  1716.281     -149.8864     -532.8864    
  1751.503      69.78516      73.76063    
  1838.568     -276.4084      274.9910    
  1838.150     -102.3178     -306.2711    
  1800.729     -9.353679     -196.4319    
  1836.484     -153.6333     -139.9372    
  1717.369     -274.3797     -659.7870    
  1757.483      96.16679      368.1601    
  1870.555     -288.6287     -84.48494    
  1860.885     -242.9478     -112.7516    
  1789.598     -174.8217      489.3655    
  1860.881     -74.97423     -276.6794    
  1742.397     -141.7534      85.57072    
  1830.189     -224.4356     -458.7304    
  1739.787     -268.0874     -23.39676    
  1866.067     -278.3068     -274.1973    
  1769.894     -263.7475      428.7020    
  1842.937     -248.4040     -140.7271    
  1730.811     -296.4667     -520.8543    
  1736.293      164.4885      692.5901    
  1754.361      285.8052      556.7571    
  1820.700     -272.7097     -220.2700    
  1793.810     -295.3221      191.2135    
  1846.908      110.3736      277.3957    
  1783.261      167.7734     -5.392058    
  1836.089      180.6815     -165.6237    
  1833.259     -33.41321      263.3050    
  1780.022     -243.5748     -566.2529    
  1866.782     -42.42373     -38.73125    
  1723.683     -154.4141     -720.6285    
  1733.389     -171.6621     -742.4347    
  1709.057     -128.7771     -314.2496    
  1866.139     -43.91230     -219.6578    
  1726.133      25.55375      702.0427    
  1717.118     -281.1266      709.5882    
  1794.592      28.99517      152.0921    
  1804.784     -51.22536     -361.1505    
  1824.567      168.0899      114.2967    
  1874.253     -110.9627     -108.4726    
  1862.020     -3.175196     -195.5598    
  1856.193      152.3852     -155.4633    
  1818.165      7.755767     -496.6586    
  1754.930     -238.3467     -127.6755    
  1838.186     -236.0780      79.40368    
  1707.227     -95.65639     -225.8544    
  1886.950     -42.90772      44.30312    
  1780.268     -257.5666      569.9203    
  1702.560     -155.7321     -477.0572    
  1871.163     -189.0627      59.75408    
  1806.021     -247.4941      530.6384    
  1753.944      296.8416      289.9174    
  1844.594      266.9614     -278.1179    
  1867.811     -157.1419     -24.34999    
  1865.837     -238.3335     -277.8777    
  1871.647     -171.7948     -202.6695    
  1831.600     -259.3723     -290.1405    
  1784.615     -234.8731     -606.5238    
  1816.289     -130.8888     -501.5309    
  1881.077     -274.6905     -26.10519    
  1874.104     -175.2271     -203.7948    
  1878.099     0.1479872     -180.4000    
  1700.688     -257.4350      560.9088    
  1751.888     -189.5740      479.2408    
  1775.823      274.8843     -159.7876    
  1700.677     -291.8387     -820.3727    
  1803.746     -283.2944     -125.5141    
  1824.547     -136.8828      48.54189    
  1845.508      59.81034     -363.2690    
  1762.973     -109.8932     -72.10700    
  1815.987     -131.4549     -20.57564    
  1875.141     -216.9247     -114.6745    
  1870.925     -273.3490     -64.68495    
  1707.749     -225.8141      756.0424    
  1867.320     -65.33575     -90.26499    
  1715.289     -129.3407     -366.3569    
  1703.565     -117.0915     -564.0641    
  1757.963     -225.6016     -135.3274    
  1761.895     -293.9722      515.6122    
  1804.292     -239.9417      525.3335    
  1863.062     -298.2116     -171.7091    
  1725.647      56.81226      687.8530    
  1709.795     -86.21435      695.9513    
  1835.966      104.2367      424.8709    
  1712.956     -249.3037      298.1959    
  1752.874      292.6757      599.2765    
  1818.477     -239.7313     -333.9353    
  1764.133     -255.1801     -17.44785    
  1774.429     -54.43168     -544.2571    
  1755.161     -275.5265      620.7549    
  1771.557     -272.8212     -602.3481    
  1735.858     -205.1832      395.9386    
  1856.996     -68.51421      50.81935    
  1873.997     -160.5846      51.64662    
  1749.194     -73.13061      85.76388    
  1790.197      161.6084     -458.6169    
  1877.740     -200.7927     -181.1524    
  1715.550      117.4389     -94.07539    
  1766.549     -294.7419      588.2358    
  1791.698     -262.1581      494.7472    
  1773.816     -292.3093      114.5556    
  1845.282     -127.5136     -99.78851    
  1749.616     -151.3436      297.0922    
  1831.436     -92.20506     -311.3125    
  1868.763     -159.8830     -244.0276    
  1739.898     -265.1784      386.5891    
  1713.475     -220.2559      205.8953    
  1801.628     -144.1340      302.4161    
  1739.129      87.80724     -627.0447    
  1777.587      166.7326      143.4072    
  1800.146     -267.9902     -292.7996    
  1863.381     -2.483560      148.8602    
  1769.633     -211.9381     -589.7027    
  1871.045      74.44326      45.61880    
  1741.845     -276.6754      447.0005    
  1866.605      53.77531     -76.43911    
  1783.290     -263.9659      357.4921    
  1877.362     -116.5777      190.2671    
  1776.860      82.27110      123.3466    
  1815.379     -203.8278     -365.5403    
  1760.074     -91.77430      675.1654    
  1795.112     -137.0459     -547.1683    
  1853.705     -170.9683      292.2392    
  1789.014      85.46559     -210.4740    
  1874.714     -59.61715     -184.6756    
  1857.087     -208.3511      263.3160    
  1835.130     -247.0158      163.5039    
  1826.046      254.8511      257.6537    
  1750.768     -257.5105     -512.7689    
  1819.368     -147.4470     -397.9423    
  1817.888      111.1764     -111.9552    
  1852.828     -218.3360     -22.95456    
  1760.725     -272.7653     -562.6064    
  1789.435     -259.1696      181.6176    
  1745.152      95.23708      658.3646    
  1712.468      112.9290      149.0683    
  1800.414     -110.1063      395.4460    
  1811.520     -274.0192     -468.8749    
  1769.247     -58.65266     -276.5785    
  1848.032     -32.33872      52.82306    
  1843.447     -96.86349      123.1685    
  1802.835      66.85654      295.3713    
  1743.734     -186.9488     -544.7108    
  1724.826     -122.4051     -552.4731    
  1844.621     -17.04302     -193.4789    
  1802.654     -19.23265      463.5015    
  1875.460     -197.3222     -1.130383    
  1874.417     -64.25656     -197.3212    
  1865.541     -283.1060      36.86810    
  1868.547      23.02365      100.7870    
  1875.755     -187.7283     -111.9399    
  1852.202     -117.2923      233.2618    
  1806.836     -97.97580     -473.0074    
  1836.627     -112.6850      31.42865    
  1863.949     -286.9362      254.5704    
  1785.315      16.07313     -558.5858    
  1797.139      115.5154      141.9739    
  1872.844     -283.3279      93.40726    
  1827.917     -121.0552     -179.9015    
  1848.810      190.3805      299.6725    
  1734.191     -1.289803      269.6428    
  1867.244      17.90957     -222.0188    
  1724.350     -244.6206      678.3934    
  1835.785     -171.1260     -257.2069    
  1827.562      138.1510      205.3678    
  1737.772      29.05202      125.0665    
  1788.489     -181.9139      359.5403    
  1877.760     -192.1173      164.3701    
  1819.105     -114.5304      283.3046    
  1755.101     -280.0142      493.2070    
  1863.000     -221.1935     -189.4755    
  1731.592     -155.8203      618.6746    
  1730.689     -233.2041     -668.7265    
  1868.090     -17.71193     -265.1073    
  1754.019     -263.3131      299.2161    
  1818.348     -265.7725      70.81744    
  1737.194     -83.02454      391.9835    
  1730.618      70.65487      434.1007    
  1861.739      10.14544      218.8213    
  1815.478     -232.8775      370.3387    
  1841.123     -265.5992      236.9597    
  1850.055     -152.0104     -276.0881    
  1807.095     -144.2293     -284.3975    
  1736.844     -133.7248     -529.0723    
  1761.947     -262.4409     -372.7827    
  1870.434     -181.5213      35.99537    
  1724.253      101.5669     -47.85033    
  1862.923      24.11208     -263.9342    
  1704.610     -198.9082     -399.9613    
  1836.106     -46.34694      387.0755    
  1836.184     -94.75813     -7.181607    
  1805.398      74.58739      37.49060    
  1817.961      75.65961      9.691071    
  1775.169     -106.5171      616.2701    
  1864.067     -19.53393     -110.5566    
  1851.406     -256.2689      62.92306    
  1771.684     -136.4764      605.8088    
  1769.289      30.89913      412.7771    
  1761.469     -52.96320      507.7882    
  1874.471     -200.2307     -201.0862    
  1828.665     -105.2151     -150.5552    
  1868.981     -226.3061     -202.9637    
  1756.463      44.20868      92.41607    
  1882.502     -54.37952     -68.62397    
  1842.292     -202.0367     -231.8685    
  1863.474     -209.9875      201.0217    
  1853.503     -237.0603      303.1461    
  1709.812      151.9878      441.9048    
  1809.854     -69.53770      251.4237    
  1852.603     -220.6726     -242.8037    
  1734.095      61.72004     -130.0852    
  1868.822      105.7685     -82.61964    
  1769.777     -265.7127     -288.4264    
  1869.916     -110.1814     -113.9238    
  1878.685     -282.4138      29.24037    
  1780.525     -291.3837     -538.3355    
  1704.321     -273.0084      700.7032    
  1749.106     -297.6481      459.7178    
  1838.970     -294.9397      63.08586    
  1821.965     -218.5866     -336.9702    
  1702.512      175.3218      728.6058    
  1795.299     -73.52754      233.9524    
  1717.993     -238.7002     -558.6473    
  1864.458     -104.2991     -267.0785    
  1717.006     -296.8332      416.7701    
  1750.068      228.0615     -554.9789    
  1753.200     -111.6030      162.3458    
  1737.068     -54.27827      99.47275    
  1748.969      198.9814      705.9890    
  1850.548     -224.9543      305.1362    
  1751.330     -252.3802     -685.0861    
  1767.353     -15.00614     -529.0112    
  1864.777     -45.53552     -61.46969    
  1726.000      267.0948      41.66446    
  1864.021      33.56322     -110.1203    
  1864.134     -5.971391      169.7033    
  1815.044     -80.71629     -219.1215    
  1741.200     -264.1837     -55.18374    
  1701.164     -267.9152      156.6706    
  1734.805     -229.7021     -59.03271    
  1787.411     -257.4823      50.08675    
  1775.597      252.3430      218.6243    
  1852.809     -252.7949      79.29567    
  1770.989     -59.51277      166.9693    
  1884.026     -238.9151      116.6579    
  1741.265      69.88519      639.4902    
  1707.945      77.69962      144.5782    
  1738.902      253.5655     -289.8028    
  1776.701     -222.8126      397.3647    
  1838.459     -265.7535      227.9263    
  1783.581     -200.2897      471.0725    
  1771.624     -256.0877      71.31831    
  1862.784      90.49961      181.2385    
  1826.807     -175.5596     -405.1995    
  1858.772     -92.61950     -309.5555    
  1783.897     -221.4371     -392.6551    
  1723.324     -296.8100     -387.2263    
  1825.106      81.37457     -365.3747    
  1855.435     -250.6207     -167.0029    
  1755.240     -180.0522      636.8350    
  1714.702     -246.8893      505.6813    
  1801.194     -284.2737      551.3737    
  1869.198      17.53387      53.29379    
  1866.004     -68.39623     -35.34663    
  1751.509     -281.5769      198.0649    
  1715.069     -233.4252     -1.506813    
  1851.198     -97.79270     -361.6179    
  1874.320     -73.44688     -9.527378    
  1728.949      45.19292      503.6984    
  1807.256     -287.1385      548.0626    
  1713.932     -149.7004      19.38457    
  1802.221     -291.6292      434.3996    
  1747.821     -117.7965      712.7675    
  1745.170     -183.6234     -623.4169    
  1847.284     -245.2028     -376.2537    
  1825.818     -282.4317      20.94033    
  1867.601     -205.8442      200.9500    
  1877.463     -27.07174     -188.1157    
  1821.993     -180.7968     -126.5365    
  1816.023     -127.8477     -129.4492    
  1872.941     -270.3130     -226.6581    
  1733.896      261.9107     -595.4470    
  1743.389     -242.0671     -595.3529    
  1799.400     -228.1141      214.8237    
  1737.751     -130.2294      402.9458    
  1859.600     -150.3334     -300.2518    
  1749.440     -136.9816      601.8718    
  1725.659     -214.4186     -370.2450    
  1868.780     -125.4601      17.47738    
  1843.888     -267.5961     -224.8637    
  1718.709     -124.5648      218.7154    
  1717.239     -220.4513     -50.18854    
  1833.672     -299.5264      367.5035    
  1750.289     -287.6012     -466.4024    
  1783.716     -219.7067      592.0906    
  1824.524     -232.9070     -9.980662    
  1751.814     -244.8886     -613.8452    
  1819.338     -16.19836     -464.1359    
  1742.626     -143.0837     -644.5603    
  1778.024     -18.10122      153.3702    
  1839.776     -147.7602     -108.3622    
  1774.887     -165.3147      555.5895    
  1724.500     -250.7386      753.9171    
  1833.116      140.0634     -197.9623    
  1857.448      68.50436      179.3279    
  1786.587     -111.0527      94.58041    
  1843.802     -190.1627     -351.9684    
  1848.177     -52.78558     -28.74959    
  1821.002      82.11002     -3.276146    
  1836.764      77.24480      18.77413    
  1753.083      2.935675      647.2188    
  1833.264     -220.1529      250.6347    
  1825.630      77.00501      233.0987    
  1874.638     -241.3614      86.93320    
  1725.153      165.7459     -369.3288    
  1874.638     -71.00606     -117.9186    
  1870.504     -18.46196      40.49514    
  1839.103     -219.1616     -148.7997    
  1871.205      31.84588     -232.0779    
  1869.131     -174.0452     -162.7232    
  1835.775     -179.0520     -311.6130    
  1755.491     -100.8697     -223.7865    
  1818.545     -281.9987      182.8708    
  1836.532      138.6412      313.6064    
  1833.539     -202.7389      232.9035    
  1831.494     -191.9699      392.0498    
  1853.637     -95.22900      282.1315    
  1777.147      3.392509     -604.9365    
  1798.180     -195.6486     -352.7812    
  1787.360      3.141912     -592.5870    
  1879.349      288.5578      42.09156    
  1846.681     -261.7306     -340.4503    
  1714.277     -209.6724      741.2849    
  1825.333     -201.0238      139.8649    
  1809.930     -267.6129      422.5060    
  1788.292     -279.5367      492.4263    
  1858.232      127.4320     -127.7218    
  1738.232     -286.0031      219.5287    
  1837.096     -185.9763      114.0258    
  1754.885     -243.8431     -137.0135    
  1818.196     -232.6655     -148.8192    
  1771.132     -263.5790     -121.7034    
  1865.962     -279.3590      117.7981    
  1808.873      190.1446     -334.0093    
  1766.882     -265.5689      457.2001    
  1767.217      92.65522      417.8702    
  1817.991     -79.89363      280.7448    
  1835.250     -154.9976      296.9014    
  1766.203     -235.2727     -579.0986    
  1860.483     -290.4511     -8.792761    
  1865.974     -296.6752     -20.80898    
  1723.097     -176.1683     -631.8151    
  1726.262     -183.5335     -50.74897    
  1820.653     -295.4439      255.4949    
  1810.430     -291.4049      401.2872    
  1761.359     -136.3805     -578.8557    
  1807.872     -133.2967      30.56665    
  1809.796     -134.1285      415.8156    
  1873.108     -193.8178     -205.2538    
  1865.520     -4.401261      4.592233    
  1859.940     -299.0171      280.6843    
  1848.010     -261.0318      329.2274    
  1734.767      56.37472     -592.8224    
  1719.790     -74.89204     -73.96391    
  1714.469     -201.3990     -663.1041    
  1848.712     -92.91774     -159.1451    
  1846.362     -199.1432      293.2324    
  1850.400      125.4198     -265.5456    
  1877.763     -252.5286     -172.0550    
  1813.481     -31.74088      494.0333    
  1724.438     -203.7476      750.8094    
  1878.840      67.50920      9.808274    
  1836.679      282.1454     -81.72150    
  1709.910      114.5527     -799.8329    
  1854.514      229.1258     -63.52483    
  1747.638     -261.1693     -616.1892    
  1866.852     -90.59138      237.8041    
  1761.721     -73.28359      49.52707    
  1788.991     -261.8063     -438.4678    
  1870.327     -30.77968      120.5208    
  1760.089     -292.8496      71.09486    
  1822.594     -186.3995     -83.93303    
  1793.653     -73.99596      65.25533    
  1873.195     -238.7821     -45.57549    
  1759.028     -288.6650      88.94918    
  1849.455     -115.2340     -101.2799    
  1873.158     -255.4072      183.8229    
  1860.577     -233.4444      136.6878    
  1872.716     -148.2120      27.73693    
  1707.244     -50.19574      269.6967    
  1865.214     -29.10135     -49.31887    
  1814.967     -203.5671     -269.2469    
  1879.460     -235.7142      150.8865    
  1871.554     -27.37782      12.03835    
  1873.716     -234.5264      119.5240    
  1713.548     -122.4795     -3.794063    
  1875.953     -284.1431     -182.3341    
  1769.426      222.0067     -323.6461    
  1858.093     -151.4534      217.2833    
  1712.609     -27.91500     -792.0940    
  1778.612      289.5065     -430.2065    
  1761.544     -176.9422      61.34538    
  1760.096     -123.7276     -202.6138    
  1843.620     -248.5895      126.8997    
  1718.726      249.2044     -634.2260    
  1849.248      62.30688      248.5731    
  1854.797     -42.58054     -49.69752    
  1796.412     -200.0618      14.59195    
  1744.315     -153.3833      679.1993    
  1873.800     -13.06664      164.5512    
  1840.039     -290.7819     -186.4274    
  1858.496      89.12306     -103.5486    
  1733.758     -115.6762     -328.7127    
  1843.025     -52.89534     -409.2161    
  1746.278     -298.2063     -526.3777    
  1822.731     -285.6704     -467.0374    
  1710.611     -133.0371      735.9044    
  1770.130     -78.82603     -321.8343    
  1883.579     -253.6019     -12.93963    
  1865.832     -71.73684     -255.2459    
  1873.220      17.04450     -157.6927    
  1817.974     -114.9098      195.5470    
  1867.832      27.17870      130.8701    
  1879.644     -296.9042      53.30727    
  1797.688     -292.1076     -492.2150    
  1864.982      31.30244     -290.1039    
  1797.823     -271.5122     -3.063743    
  1881.164     -274.3138      23.12118    
  1856.811     -146.3233     -227.8556    
  1778.881     -61.05387     -231.6131    
  1740.757      283.7879     -466.2484    
  1793.951      218.9798     -537.4713    
  1838.557      184.5988     -252.5008    
  1800.804     -288.4635      359.8134    
  1837.429     -244.3849      308.5546    
  1822.558      231.8127      16.58380    
  1753.777     -265.5440     -644.4219    
  1738.133     -202.0911     -343.9188    
  1746.928      143.7684      236.5828    
  1752.190      249.5907     -204.8504    
  1849.661     -165.8716     -153.5517    
  1829.360     -193.7428      156.7857    
  1863.721      66.13885      65.10432    
  1708.561     -195.1904      565.6728    
  1732.804     -130.2884      121.1792    
  1727.975     -155.1608      590.6465    
  1835.929     -189.2258     -294.8280    
  1862.117     -264.5517     -270.3754    
  1860.144      151.7682      265.2048    
  1849.348     -187.7514      179.5222    
  1858.051     -131.8598     -187.2764    
  1859.291     -170.1921     -122.8998    
  1867.357     -226.5107     -54.36663    
  1778.097     -48.37027     -514.4514    
  1780.901      201.4335     -583.1647    
  1706.911     -76.69806      390.8483    
  1755.609     -253.8245      258.6226    
  1778.375     -284.5869      123.1823    
  1828.693     -286.0619      168.4976    
  1864.906      9.664928      4.533017    
  1748.346     -246.9543      616.3671    
  1776.920      148.7659      166.0888    
  1846.441     -155.6803      165.3324    
  1706.210      67.29095      667.3719    
  1818.076     -72.32374     -400.9594    
  1872.044     -297.4142      100.9413    
  1881.077     -89.49155     -23.92301    
  1792.931      29.88101      145.1180    
  1763.668     -174.5869     -643.0839    
  1876.472     -203.9623      51.26726    
  1839.128     -48.55312      206.6377    
  1824.932      146.0127      102.5201    
  1707.041     -164.7857     -625.2360    
  1761.613     -251.3108      183.8596    
  1772.829     -284.8590      308.5704    
  1772.236     -244.3830      301.6303    
  1788.333     -291.7910      253.2366    
  1848.386     -256.1352     -206.7649    
  1877.465     -78.69933     -116.2169    
  1798.099      121.9688      442.3735    
  1702.835     -45.61262      267.8296    
  1848.407     -263.9666      194.1041    
  1843.027     -47.48639     -67.65504    
  1701.062     -271.7936      656.9744    
  1883.800      139.8919     -80.00413    
  1735.299     -204.8557      55.69494    
  1857.580     -62.72092      315.5724    
  1857.006      62.60025      125.4509    
  1789.352     -230.1878     -15.03925    
  1863.053     -209.0467     -84.79427    
  1864.749     -25.31717      213.6421    
  1762.328      182.7646     -41.76631    
  1727.148     -256.0019     -568.8635    
  1857.082     -237.1439     -17.56060    
  1736.414     -222.3662      39.99707    
  1863.915     -269.2170      28.83480    
  1810.455     -126.9192     -115.0414    
  1770.039     -130.8911     -510.9577    
  1815.971     -272.3692      121.7228    
  1736.124     -189.4975      57.00627    
  1859.578     -77.22368     -279.2262    
  1792.391     -229.9464      509.0874    
  1860.519     -77.10859      39.60371    
  1815.577     -162.7643      363.4550    
  1876.416     -240.6298     -194.6640    
  1734.450     -198.2234     -221.7248    
  1872.901     -201.0047     -214.2365    
  1843.589     -141.6935      252.4629    
  1781.305      150.7146     -484.4745    
  1746.263     -19.53357      241.0491    
  1866.306      17.20914      4.555827    
  1871.020     -8.334709     -198.5484    
  1851.677     -128.6944      291.7979    
  1879.687     -263.4951      49.70696    
  1806.055     -283.3315     -169.1306    
  1865.703     -174.3417      133.1368    
  1866.383     -72.32096      114.6668    
  1799.577     -265.2618      381.9157    
  1842.163     -126.1317     -294.2968    
  1703.314     -208.5840      62.19923    
  1863.884     -215.1106      118.9549    
  1768.923     -127.4431     -262.9601    
  1866.811     -56.25022      20.65452    
  1715.253     -184.0960      747.0344    
  1866.700     -9.343492     -152.6516    
  1868.504     -256.7461     -108.3589    
  1859.766      229.8613     -183.4284    
  1878.838     -241.7641      158.9668    
  1858.224     -214.4529      188.5307    
  1855.761     -10.93449      274.4057    
  1846.722     -57.57181     -249.8261    
  1772.221     -249.7971      195.8767    
  1793.643     -116.7721     -52.89272    
  1851.558     -290.8347     -327.4489    
  1857.181      231.6961     -328.4253    
  1881.581     -259.2357     -31.21927    
  1792.470      61.99030     -74.71453    
  1857.435     -159.6439      102.6544    
  1864.948     -46.51131     -36.38672    
  1753.669     -251.7337      218.4664    
  1720.848     -194.7500      648.1401    
  1865.458     -268.6042      292.8684    
  1701.385      140.1979      594.0348    
  1805.279      90.29019      21.77084    
  1861.811      62.65367     -226.8668    
  1873.062     -157.2923      87.25449    
  1865.513     -244.4775      198.1038    
  1872.951     -131.8615     -83.41442    
  1763.279     -173.4990      510.1694    
  1762.185     -250.3947      609.7683    
  1764.714     -135.1839      289.5753    
  1856.738     -132.3909      303.0466    
  1847.324     -242.6328      374.5135    
  1702.865     -272.0773      326.6102    
  1704.135     -121.8524      156.8214    
  1810.747     -183.2493      121.6626    
  1863.088      3.668664     -137.1524    
  1849.419      134.0064      331.8672    
  1818.480     -88.50722     -445.0471    
  1764.863     -226.6061     -598.1757    
  1727.064     -203.1703      622.9724    
  1806.294     -131.6880      523.4561    
  1795.237     -263.1764      525.6183    
  1838.530     0.9361083     -172.3052    
  1733.037     -270.5986      584.6998    
  1882.624     -192.6939      134.2802    
  1857.749     -72.85341     -200.4141    
  1782.442      4.517214      310.4641    
  1846.200     -298.9990      103.2685    
  1860.385     -58.00135      216.0692    
  1828.374     -299.5735      316.6087    
  1788.974     -230.7790      207.8042    
  1876.420     -221.0016     -166.7021    
  1840.675     -78.54857      226.9543    
  1864.382      3.369593     -114.8866    
  1872.200     -273.8982      183.5686    
  1855.920      57.92964      275.6995    
  1740.091     -218.8793      593.3323    
  1781.583     -227.3463      145.7470    
  1880.951     -162.2937      25.98397    
  1743.936     -287.8372      458.0668    
  1864.647     -115.5855     -22.44637    
  1851.179      130.9009      255.1219    
  1820.557      289.4844      175.3934    
  1724.778     -284.6648     -574.5783    
  1703.620     0.6325933E-01 -597.1423    
  1791.618     -287.4414     -426.2308    
  1827.355     -247.2337     -471.3220    
  1762.282      37.21770     -611.9014    
  1829.469     -70.12623      403.2875    
  1812.364     -226.0293      211.6251    
  1840.062     -204.3746      341.9060    
  1858.512     -102.6116      78.71294    
  1830.211     -231.2856     -158.8112    
  1878.554     -148.9974      110.8141    
  1881.952     -276.1945     -58.36854    
  1776.505     -298.4810      622.5667    
  1819.075     -216.2768      398.6937    
  1764.302     -293.6946      147.4427    
  1826.890     -280.4354     -159.2842    
  1778.124     -273.8779     -151.8813    
  1866.263     -5.243910      31.08960    
  1845.187     -178.2663     -141.9902    
  1759.765      26.34344     -387.5837    
  1720.927     -118.1370      120.0155    
