  1825.305      88.64497     -413.2470    
  1858.847     -76.52716     -182.1859    
  1755.479      292.9568     -420.1951    
  1703.423     -244.6815      689.9989    
  1778.217     -68.89679     -334.6873    
  1848.374     -228.6983      187.9733    
  1779.965     -171.8745     -349.5646    
  1701.213     -64.21256     -743.7824    
  1856.445     -233.6811      245.7830    
  1869.154     -198.7553      164.8306    
  1844.180     -42.76770     -285.1535    
  1771.437     -159.2943      529.5410    
  1819.579      87.59616      210.4585    
  1755.183     -214.7176     -155.8035    
  1875.939      97.94366      180.8560    
  1788.614     -50.47175      493.8948    
  1770.262      36.02832     -351.8462    
  1729.947     -296.1431     -348.5688    
  1748.326     -102.2034      685.6702    
  1852.713     -58.42191      214.5333    
  1746.383     -89.95040     -304.0327    
  1883.112     -255.2684     -58.81332    
  1864.886      289.0962     -113.7432    
  1820.013      123.7782      178.4910    
  1739.204     -49.46071      412.2240    
  1858.531      146.4717      79.72069    
  1832.416     -114.2751     -41.84219    
  1733.859     -243.4043     -300.9646    
  1872.734     -196.8660      160.7255    
  1754.975     -203.5391     -122.2406    
  1718.230     -146.1217      545.1461    
  1795.728     -214.8071     -192.7235    
  1835.506     -180.6611      189.9029    
  1774.683     -188.9265     -163.8374    
  1779.739     -120.8882     -321.9673    
  1735.271      3.312673     -594.7727    
  1705.810     -86.92274      426.6973    
  1829.851      263.3320     -102.5956    
  1800.139     -51.60142     -339.0619    
  1837.773     -126.1094      360.6894    
  1822.090     -135.6590      443.0403    
  1749.030     -282.3883      156.7009    
  1747.974      299.2723      522.0690    
  1704.879      249.4321      207.8136    
  1795.895      134.5225      382.9398    
  1701.189     -288.7885      758.3657    
  1739.287     -229.0713      43.30579    
  1840.474     -4.097707     -241.2545    
  1729.199      262.9688     -688.3477    
  1814.473     -245.5367     -164.5374    
  1811.137     -188.7178     -40.01692    
  1864.043     -141.6289     -250.2479    
  1725.567      79.46530     -507.5792    
  1726.805      64.61482     -603.0063    
  1770.607      123.0111      480.3260    
  1759.632     -210.9220      197.4239    
  1781.695      236.5674     -111.2851    
  1770.431     -207.5476      455.5554    
  1874.875     -289.9015      104.6501    
  1797.405     0.6590559      484.8821    
  1825.146     -145.9860     -89.50692    
  1832.107     -139.8250     -88.68967    
  1826.650     -202.2388      4.689926    
  1853.601     -168.7103      303.0902    
  1705.657     -50.81363     -581.2510    
  1818.191      170.8004     -7.267688    
  1836.195     -117.4954      398.3990    
  1834.984      255.3905     -317.5049    
  1724.757     -59.13227     -660.9605    
  1883.168      275.1583      55.38737    
  1846.622     -35.90645     -302.0967    
  1843.447      125.5271      212.5575    
  1771.479     -273.1635      256.0365    
  1743.573     -50.50629     -267.6400    
  1833.265     -290.2023      284.5764    
  1755.125     -165.3117      489.4904    
  1721.729     -169.3916     -567.0530    
  1737.920     -16.97191     -656.5283    
  1806.849     -247.0297      189.4299    
  1846.034      47.22176     -39.74925    
  1727.513      35.59201      513.8370    
  1733.675      259.2618      367.0020    
  1791.546     -47.29470     -147.8654    
  1840.160     -253.1084      245.8308    
  1719.857     -7.625472     -756.9107    
  1729.781      115.2830     -485.6661    
  1700.616      130.4388     -743.9225    
  1721.411      224.4322     -516.0602    
  1783.615     -127.3443      413.3234    
  1733.354     -209.4286      399.8518    
  1782.145     -130.0918      554.3105    
  1830.178     -231.9614      47.99850    
  1836.345     -290.1222      63.83290    
  1870.053     -149.4087      196.0641    
  1766.359     -55.07680     -425.9185    
  1713.841      45.12587      661.9367    
  1791.163     -274.7501      6.157859    
  1794.878     -113.3738      277.6957    
  1862.772      55.23681     -141.2932    
  1788.778      281.8661     -591.9396    
  1772.598     -19.57690      495.5803    
  1791.382      28.39257     -210.8537    
  1842.790     -287.8146      152.7713    
  1728.400      11.47207      646.3677    
  1813.476     -188.7366      267.6196    
  1823.220     -187.8855     -108.9384    
  1849.561     -275.7344      322.7930    
  1710.675      122.9830     -619.8357    
  1875.879     -34.40698     -199.3523    
  1735.232      24.49475      678.0721    
  1786.355     -135.4481     -571.7268    
  1839.361     -225.8213     -28.75306    
  1825.007      161.8615     -107.0119    
  1766.498     -100.9567     -429.6518    
  1725.499     -187.5177     -595.0417    
  1772.205     -298.3017      485.6823    
  1772.820      75.30367      106.8115    
  1804.644      80.55145     -502.1897    
  1850.671     -54.75429     -95.18166    
  1866.887     -261.8894      234.7308    
  1859.721      166.4387      293.7403    
  1825.661     -292.4471      68.66547    
  1807.633      15.84092     -103.9562    
  1857.292      48.37179      170.3089    
  1804.034      218.4280      441.6347    
  1836.033      27.71184     -62.41785    
  1825.537      60.93149     -288.3372    
  1723.467     -1.971250     -159.3225    
  1816.792      19.67252      258.9330    
  1873.183     -155.0162     -132.8357    
  1747.126     -295.3135      578.8450    
  1843.495      255.0956      323.4299    
  1732.413      157.8102      624.3687    
  1813.860     -105.5042     -46.81250    
  1703.442     -220.5143      118.5479    
  1781.899     -232.8859      606.6096    
  1739.421     -126.4056      242.2355    
  1721.171     -213.6742     -109.1903    
  1824.214     -128.6540      479.2285    
  1792.986     -188.4608      318.6526    
  1807.240      106.3625     -145.2058    
  1860.476     -181.0283     -160.8924    
  1818.302     -59.45393     -324.5614    
  1847.288      255.0148      266.6314    
  1774.039     -162.3432      169.3358    
  1859.302     -9.596126      74.88607    
  1870.289     -10.10697     -114.3971    
  1883.776      189.4654     -40.40341    
  1843.857     -154.1292     -131.7787    
  1774.150      12.44865     -77.96065    
  1765.472     -126.3034     -286.3618    
  1830.086     -44.55127      375.6201    
  1711.144      24.55311     -709.3307    
  1842.980      231.8830     -397.0305    
  1788.024      140.3686      361.6129    
  1799.398     -199.9167      293.2128    
  1844.049      285.2870     -6.095298    
  1767.975     -57.12644     -656.5958    
  1768.502     -279.1806      442.1699    
  1779.818     -63.38155      258.1126    
  1835.073      155.3078     -56.98965    
  1750.808     -166.4249      657.5177    
  1734.254      267.3302     -613.9323    
  1799.121     -109.1646     -419.5472    
  1831.182     -266.5380      326.5471    
  1873.211      158.0344     -10.68268    
  1797.808     -103.4065     -406.7195    
  1796.544     -184.7115      168.9815    
  1833.566      12.08774     -288.8073    
  1751.885      153.7934      234.7921    
  1778.150      165.6233      537.4099    
  1837.660     -73.17188      418.0981    
  1835.484     -204.4917     -372.6975    
  1714.117     -176.1061      230.5995    
  1770.976     -196.4716     -433.4595    
  1765.269      161.5989      45.72562    
  1814.497      162.2058      285.5490    
  1843.460      82.07689     -61.70045    
  1847.034     -252.9915      238.1153    
  1844.624      46.40840     -99.94545    
  1858.939      181.3689      18.96801    
  1719.988     -61.82590     -89.57909    
  1838.606     -112.6998      49.35231    
  1735.186     -269.9293      28.46578    
  1824.140     -18.89439     -259.1016    
  1846.572     -121.5130     -5.321218    
  1758.911     -12.20892      623.4869    
  1790.197      10.17389     -359.4798    
  1815.031      187.5118      183.6140    
  1703.028     -271.7934      520.6765    
  1826.088     -266.8571      456.3687    
  1821.082      175.7854      310.3819    
  1863.152     -73.75371     -211.0558    
  1873.079      167.8859     -6.147548    
  1839.283      20.70083      10.32958    
  1728.026     -129.4084      612.0530    
  1790.553     -48.71363     -516.0695    
  1794.841     -198.9165     -61.14761    
  1779.726      151.4409      566.7737    
  1818.769     -213.3075     -347.5825    
  1831.026      96.41705     -363.5896    
  1772.843     -93.46525     -393.9662    
  1829.403     -269.8454      365.5019    
  1756.511     -66.12330     -641.1080    
  1748.055      50.01672      565.4354    
  1728.717     -94.62186      149.1055    
  1759.300     -132.8372      370.6023    
  1876.850      80.43102      74.44647    
  1855.945     -63.16130      173.6897    
  1773.755      12.65031     -441.5215    
  1839.330      57.02205     -67.93324    
  1871.669     -184.9227     -65.61993    
  1701.054      281.5172      525.5654    
  1721.562      193.9064      764.6534    
  1866.893     -173.8410     -43.89931    
  1823.501      233.5410     -252.9520    
  1730.120     -208.5213      11.15308    
  1824.059     -176.4480      330.0396    
  1731.335     -57.94579     -160.6558    
  1707.346      198.2934     -440.3110    
  1719.122     -7.348263      181.1436    
  1786.990      37.91402      550.3528    
  1843.068      288.2635      122.3409    
  1829.989      52.79006     -283.6381    
  1767.583     -9.383317     -552.1663    
  1817.186     -164.4206      428.7745    
  1824.227     -155.7999     -244.7382    
  1870.675      285.3995      165.4499    
  1745.971      28.96704     -270.2018    
  1749.417      119.4374     -362.9268    
  1793.084     -52.25723     -553.7812    
  1877.734     -4.210056     -46.06513    
  1808.971     -79.54713      99.12172    
  1747.130     -15.23635      607.8350    
  1759.295     -84.16741      397.7636    
  1724.856      176.1836      753.4968    
  1723.151     -125.5091      352.0682    
  1776.176     -134.2454     -473.9739    
  1866.237     -186.9492     -261.0240    
  1809.987      282.0638      193.3779    
  1790.809     -129.4428      301.5416    
  1823.419     -64.93626      81.13380    
  1763.738      243.5441     -632.0609    
  1736.092     -267.4330      705.5801    
  1708.227      27.77592     -692.6875    
  1826.841     -6.563669     -376.9985    
  1856.979      271.4468      176.4875    
  1761.419     -137.1592      443.9463    
  1862.180     -136.6930      93.59568    
  1736.875     -286.7664     -565.2316    
  1836.137      90.90420     -290.5652    
  1700.319     -76.81301      697.6453    
  1879.318      260.5206      62.72571    
  1822.734     -197.3145     -248.1409    
  1827.414      272.8905      380.6730    
  1870.130     -237.1720     -160.5784    
  1799.719      3.193656      282.4062    
  1816.051      37.70566     -72.03828    
  1877.479     -267.5688      102.8447    
  1799.116     -5.221803      370.8596    
  1744.401      244.0477      392.6261    
  1823.505      188.7323      367.2740    
  1791.450      259.0345      430.8192    
  1789.518     -58.08412     -520.0828    
  1867.716      46.06239     -167.6951    
  1749.399      83.10340     -451.9568    
  1828.474     -57.32799      175.5638    
  1834.495     -77.72604     -111.0472    
  1702.832     -20.57965      508.4844    
  1827.917      72.77280      43.47755    
  1872.648      152.3203     -181.3253    
  1825.300      133.9197     -132.8055    
  1714.818     -218.7811      722.8610    
  1754.881      183.7701      301.4433    
  1834.778     -158.1289     -228.4489    
  1881.431      105.6191     -20.60261    
  1823.301     -116.5557      172.1477    
  1880.520     -111.4508      42.38281    
  1720.297      173.0019     -754.3111    
  1794.723     -161.8140     -377.2870    
  1711.146      118.1668     -741.3255    
  1831.694     -96.15325      14.43269    
  1771.004      214.4184      480.4088    
  1744.226     -270.0570      605.7200    
  1861.259      40.78292      78.35857    
  1839.824     -246.2202      68.35489    
  1819.510     -12.68479     -271.1017    
  1768.780      2.508049     -213.6651    
  1757.464      43.32010      240.7924    
  1868.087     -213.2212     -20.36511    
  1839.562      54.27532      253.3409    
  1805.163     -280.9739      295.4859    
  1827.950     -48.21279     -31.66466    
  1787.569     -105.7159     -481.0783    
  1774.547      195.8418      60.10260    
  1724.919     -294.8635      659.9005    
  1774.246     -235.6226     -370.9578    
  1750.513      41.13528     -381.1603    
  1797.833     -79.24013      171.6186    
  1799.452      139.1890      503.6792    
  1774.198     -282.9219     -371.2643    
  1829.242      100.8537     -284.3626    
  1786.734      195.9753     -111.5361    
  1776.662      109.7283     -586.0400    
  1707.672      112.4697     -541.4141    
  1832.173     -12.85569      385.0666    
  1708.058      138.3271      655.4360    
  1749.310     -207.5396     -488.3312    
  1730.506      156.0214     -617.4611    
  1854.988      216.8971      303.2091    
  1763.268     -35.94450     -663.4002    
  1795.087      55.59287     -414.2920    
  1748.936      161.3762      332.9172    
  1781.802      38.94631     -539.8947    
  1755.681     -284.9624     -341.4800    
  1753.025      264.5369     -530.1811    
  1852.489      267.5825     -110.5756    
  1721.352     -2.715477      12.65935    
  1883.240     -178.7798      92.82392    
  1819.059     -204.5365      363.0204    
  1849.417     -170.9413     -214.0247    
  1710.199     -292.2137      607.1533    
  1775.240     -269.8533     -106.5248    
  1877.331     -114.8759     -29.95581    
  1843.978      171.6819      174.5465    
  1756.165     -274.4191     -559.6049    
  1787.580     -252.4408      576.4763    
  1729.597      193.5901     -486.9480    
  1752.865     -25.32837      358.2245    
  1791.981      144.4187      272.7428    
  1795.402     -155.1503     -318.4443    
  1830.352      100.7794     -284.7120    
  1749.781     -4.628909      607.9142    
  1721.580      5.168383      587.7050    
  1811.452      97.20053     -238.7357    
  1786.823     -102.8737     -491.1720    
  1774.314      56.36616     -606.7488    
  1771.102      179.2164      308.5165    
  1883.203     -36.80549      40.37672    
  1746.435      254.2395     -540.7685    
  1789.996     -60.96371     -265.7092    
  1843.079     -121.0544     -163.5730    
  1826.662      168.8222     -433.2860    
  1782.927     -288.3280      81.70267    
  1806.792      248.5668     -482.4785    
  1703.370     -183.7754     -725.2919    
  1848.025      194.7203      101.1916    
  1738.036      214.8976      141.1725    
  1730.082     -142.2450      73.88187    
  1809.283     -195.8346     -314.1369    
  1715.470     -149.6793      670.9648    
  1834.885     -15.51151     -147.6535    
  1860.917     -174.6003      159.3409    
  1753.673     -54.28817      466.1930    
  1824.501      7.117612      95.77042    
  1721.901     -272.5196      532.2194    
  1730.863     -83.26669     -499.2122    
  1842.541      126.2923     -341.4125    
  1796.787      113.8137      355.6171    
  1846.222      52.50366      230.2102    
  1864.027      248.9677      270.3744    
  1745.722      233.8322      264.8594    
  1748.709      64.13229      706.5233    
  1737.575     -242.8525      307.3146    
  1823.049      49.43686      478.9127    
  1752.085     -172.8209      358.8697    
  1836.582      45.57198     -24.07604    
  1727.763     -80.00400     -211.3959    
  1831.200     -125.6536      100.8118    
  1828.005      239.5809     -23.44012    
  1782.959     -54.44534      580.5215    
  1762.267     -237.1646      12.77528    
  1795.386      29.35286     -42.28699    
  1765.795     -58.01361     -64.52775    
  1838.117      41.24424      354.7718    
  1849.262      78.57345     -303.0601    
  1785.184     -180.0659      46.56444    
  1810.141     -69.35473      232.7524    
  1841.770     -210.4612     -123.9044    
  1716.969     -257.9687     -413.0882    
  1703.735      138.9694     -530.9142    
  1816.723     -204.6006     -104.9234    
  1782.182     -95.20670     -514.4114    
  1766.790     -185.2392     -149.0748    
  1752.703      58.07302     -125.6678    
  1879.240     -200.6835     -29.80143    
  1817.200     -278.0547      68.79804    
  1757.397     -281.8036      186.4716    
  1851.054      201.8841     -167.7152    
  1832.918     -216.8037     -136.3214    
  1706.339      187.4195     -380.8945    
  1882.706      52.86352      50.59340    
  1785.886      295.0732     -482.2794    
  1757.855     -138.9152      355.8745    
  1736.086      71.33550      79.72017    
  1857.349     -174.2983     -37.42118    
  1826.118     -52.73341      466.2285    
  1793.566     -267.4077      557.9312    
  1850.917     -117.0779      230.2612    
  1867.060     -16.14544     -86.60014    
  1808.098      162.2550     -498.5376    
  1783.896     -28.01063     -512.5037    
  1854.187     -34.65013     -99.11310    
  1755.128      80.19668      545.1015    
  1774.129     -290.3386     -6.786337    
  1843.804     -176.6305     -351.0437    
  1792.765     -295.1944      85.65219    
  1835.712      45.35403     -196.3802    
  1717.531      189.0594     -141.8721    
  1810.787      217.0995     -283.6487    
  1770.850     -291.6783     -517.5018    
  1816.679     -26.52170     -461.7322    
  1821.006     -236.3199     -9.735410    
  1764.634      98.02933     -355.9774    
  1724.046     -205.8323     -483.5193    
  1816.191     -261.1789     -113.2739    
  1844.182     -18.33601      193.9730    
  1703.231     -268.4738      658.2880    
  1843.463     -112.3962      169.7164    
  1828.780      185.1669     -370.7943    
  1837.943     -87.73106      58.72343    
  1734.853     -68.56631      277.5162    
  1844.904     -209.6062      258.1872    
  1704.301     -34.88051     -720.4078    
  1876.984     -180.6025     -152.1046    
  1711.416     -40.51133     -279.2285    
  1700.329     -216.3398     -790.9343    
  1874.748     -84.37428     -142.8755    
  1868.689     -213.5060     -221.1609    
  1825.204     -284.5348     -189.7009    
  1729.157      142.4396      422.0704    
  1753.764      169.2029     -607.0547    
  1850.395      245.6287     -178.8950    
  1832.857     -40.80157     -357.4306    
  1741.778     -257.6630     -683.7575    
  1706.337     -249.3598     -780.0975    
  1743.502      84.25975     -189.9896    
  1733.584     -114.8195      536.2102    
  1840.738      165.4348      124.5872    
  1826.243     -244.9160      63.02956    
  1855.437     -146.1905     -130.5560    
  1858.473      97.38004     -251.9457    
  1858.878      24.33841      140.7683    
  1756.628     -237.7106      108.8131    
  1791.950      230.6729      551.6133    
  1872.822     -215.5934     -151.9843    
  1784.976     -151.6147     -170.2339    
  1837.261     -269.0571     -427.0047    
  1731.569      146.3150     -590.6498    
  1782.030      117.9156      384.8193    
  1739.662      143.4017      1.849341    
  1830.791      159.4041      208.9981    
  1838.041     -282.9356     -415.8585    
  1841.286     -36.99939      93.54987    
  1806.896      168.6014      526.2287    
  1772.100     -175.2849      604.5591    
  1840.028     -110.4007     -153.1347    
  1851.742      142.0769     -122.5202    
  1782.634     -75.72707     -265.1262    
  1767.682      124.1904      565.2427    
  1839.221     -243.1989     -388.9638    
  1821.743     -236.1572      366.8687    
  1854.794      257.8242      87.11878    
  1867.324     -85.19122      114.1008    
  1719.592     -106.6535     -685.7025    
  1803.652     -131.9335     -276.3966    
  1764.277      49.45898      552.2661    
  1827.680      42.70893     -199.9415    
  1869.731      240.1528     -238.3190    
  1758.495     -137.1895      594.2386    
  1721.851     -293.4742     -38.59267    
  1786.600     -168.0749      475.3103    
  1838.240     -295.9904      8.726666    
  1838.312      103.5033     -106.6551    
  1752.275      287.1384      581.4291    
  1728.098      11.64304      652.5735    
  1767.813     -135.5651     -589.9720    
  1739.611      289.1184     -647.3137    
  1818.657      273.7081      290.5699    
  1778.179     -238.8516      584.0886    
  1855.802     -89.78277     -280.7014    
  1822.718     -278.4690      133.4400    
  1786.136      96.55637     -175.6274    
  1868.150     -72.15292      233.5285    
  1803.720     -212.6890      237.3049    
  1761.890      101.8950     -653.6179    
  1776.339     -186.2417     -623.5751    
  1752.463      177.3828      398.7553    
  1708.369     -47.99296      751.8500    
  1835.851     -173.9460     -65.50996    
  1729.303     -279.4745     -505.8626    
  1751.449      179.2894      616.7019    
  1818.388     -193.4074      390.1039    
  1798.447      37.63832      292.4650    
  1805.407      121.7468      515.4398    
  1879.763     -224.0680     -111.9120    
  1858.966      106.7647     -34.75446    
  1869.159     -299.5417      62.24698    
  1844.071      63.62201      393.0731    
  1745.384     -250.1327     -296.0019    
  1742.068     -13.42796     -574.1720    
  1844.862     -284.6351      220.8105    
  1740.133     -41.02124     -475.9329    
  1737.393     -114.6504     -196.4902    
  1832.895      49.63987      132.7224    
  1883.950     -270.9144      78.44296    
  1753.217     -184.4931     -349.7544    
  1825.623      246.6929      63.59055    
  1798.778      262.3746      554.3597    
  1787.008     -282.3079     -400.4704    
  1760.757     -11.51783      153.3674    
  1777.503      223.0813     -358.8696    
  1748.373     -230.1247     -521.1031    
  1732.954     -74.90900     -241.6398    
  1778.229     -176.5027      557.0200    
  1827.409      284.9497      319.3820    
  1715.774     -128.0341      669.5320    
  1824.443     -284.9730      446.3765    
  1798.505     -44.68995      317.3363    
  1748.010     -147.7178      468.4705    
  1797.688     -125.4069     -354.7102    
  1877.579     -33.85500      32.85537    
  1771.374      33.45897      571.8082    
  1743.218     -141.3534     -553.6830    
  1729.862     -292.3376      641.8056    
  1742.384      246.6021      300.5559    
  1820.672      259.1958      336.7467    
  1750.757     -135.2098      515.8005    
  1722.661     -224.4796      583.9773    
  1777.909     -211.3251     -338.7395    
  1790.875     -258.0120     -539.3115    
  1773.569      7.867014      541.1401    
  1870.694     -212.2819      161.2466    
  1862.008      274.7642     -181.2605    
  1745.250     -71.55095     -398.0048    
  1719.533     -93.72168      403.3257    
  1719.829      72.46528     -464.9030    
  1721.093     -186.3503      738.2827    
  1788.243     -13.97433      515.2603    
  1744.876     -207.4588     -660.8105    
  1750.939      277.6876      371.2466    
  1733.453      85.79009      532.2501    
  1769.975     -75.13352     -589.0045    
  1847.928      74.73563      331.8775    
  1750.882     -172.6610     -258.8506    
  1843.322     -175.4930      22.89650    
  1723.646     -46.55117      387.0031    
  1729.872     -204.2588      526.0981    
  1854.532     -39.74239     -261.7231    
  1877.138      51.87389      11.58164    
  1787.021     -76.42132     -334.9878    
  1714.482     -292.6127     -554.0585    
  1721.682      71.79578      332.4824    
  1729.137      165.0296      611.4641    
  1700.261      159.3857      627.7236    
  1805.954     -215.5962     -465.9391    
  1857.035     -19.40800     0.4928573    
  1783.390      133.2765      520.3040    
  1847.147     -5.166978     -63.16771    
  1877.011     -291.4785     -190.0582    
  1840.266      103.9487     -362.2478    
  1735.478      97.18378     -736.8973    
  1732.104     -140.3848      637.6555    
  1756.627     -9.700838     -373.1381    
  1835.139     -194.5540      303.7073    
  1711.669     -258.5401      446.8333    
  1861.962      112.5218     -120.9694    
  1820.074      60.81151     -223.5342    
  1704.371     -73.46442      83.96325    
  1705.201     -4.966067     -748.6598    
  1836.190     -35.51360     -192.0563    
  1806.050      16.62673     -180.0698    
  1819.888      147.9545      288.2114    
  1754.480      249.7988     -360.6148    
  1857.563      291.3314      92.76800    
  1704.960      69.44821      694.5924    
  1854.592     -1.822166      211.7580    
  1825.370     -34.41785     -291.1675    
  1814.682     -124.7953     -369.0630    
  1861.071     -28.47047      91.44251    
  1783.528     -150.0789     -581.7045    
  1814.449     -73.81406      50.34325    
  1839.239     -161.9741      84.57712    
  1800.813      54.87154      488.4184    
  1831.194     -10.81900      191.8662    
  1882.093      60.93410      19.31004    
  1878.035     -208.8081      113.0932    
  1745.386      72.99583     -199.9014    
  1773.130     -77.93651     -498.6937    
  1754.022      12.73639      51.36363    
  1854.030     -236.4861     -107.6509    
  1842.470     -167.4245      66.96198    
  1868.912      250.4044      134.2034    
  1844.687     -47.76768     -123.7457    
  1826.698     -25.77261     -331.4164    
  1864.008     -236.7770     -210.8704    
  1750.389     -271.2036      697.6602    
  1708.547      239.7443      507.7246    
  1735.538      174.4924     -608.5032    
  1764.628      248.3114     -448.4135    
  1775.507      154.5282     -602.7175    
  1732.530     -275.5719     -347.7851    
  1748.434     -8.169225     -416.0191    
  1877.410     -33.66823      82.65193    
  1759.325      243.7387     -591.8301    
  1726.206     -294.6454      572.7316    
  1829.313     -31.42348      449.3148    
  1828.010     -51.84737      360.1665    
  1871.760     -96.96269     -110.9816    
  1769.681     -93.49670     -561.7192    
  1765.212     -283.7443     -375.4501    
  1872.086      201.7222     -11.95149    
  1721.401     -286.2973      420.1847    
  1849.956     -116.0148      96.79807    
  1761.531     -75.53267     -222.4274    
  1789.979     -37.98573     -414.3484    
  1797.783     -92.34743     -478.9298    
  1803.563     -38.12362     -127.2452    
  1712.438      168.8669     -781.3445    
  1793.778     -243.8701     -29.21171    
  1756.348      140.6703     -682.9153    
  1728.756      96.97969      343.9777    
  1710.134      89.70113      420.2820    
  1740.062     -43.32526      708.4219    
  1840.507     -92.19054      393.5086    
  1711.622     -267.8422      689.7219    
  1778.529      227.0033     -483.8989    
  1869.664     -176.9553     -126.1864    
  1797.294     -110.2125      525.7407    
  1783.734      152.6235     -9.060773    
  1840.268     -151.1124      21.94532    
  1788.376     -236.8474      229.1743    
  1833.148      155.9817     -232.4447    
  1756.350     -193.3004     -542.0496    
  1810.118      127.6576     -447.4663    
  1797.309      242.9479      382.0496    
  1772.918     -245.2668      591.7158    
  1809.901     -85.57925     -317.2890    
  1754.616      170.0720     -565.6749    
  1762.589      70.74287     -210.1095    
  1851.304     -16.22216     -107.0662    
  1715.223     -50.04538     -93.39555    
  1871.397     -4.622607      73.82233    
  1839.165      1.432018     -220.7334    
  1731.235     -193.0439      6.174988    
  1847.859     -220.0142     -305.5796    
  1826.195     -248.2151      361.8859    
  1801.732     -21.42376     -505.4742    
  1795.484     -224.2931      562.0580    
  1823.109     -152.6548     -312.9986    
  1755.141     -240.7788      488.6086    
  1737.957     -249.0833      690.8315    
  1863.173     -284.0639     -131.0513    
  1753.715     -235.2614     -485.4454    
  1806.201      113.4175      430.3101    
  1796.239     -186.7601     -212.0143    
  1815.396      72.28706     -248.6841    
  1883.639      181.0503      34.17373    
  1809.548     -101.4637     -528.0486    
  1707.517     -88.92388      392.4960    
  1858.993     -142.1701     -245.0902    
  1816.803      112.5168      70.13339    
  1834.407      145.7442     -153.9836    
  1751.617      14.37349     -504.1578    
  1830.925      144.3695      98.09352    
  1780.080     -103.5400      300.6119    
  1743.821     -144.3433      276.0401    
  1731.444     -201.3424      109.3735    
  1856.248     -53.66333      300.6112    
  1713.170     -116.9682      176.1033    
  1755.488     -235.5949      35.45758    
  1810.441     -216.7837     -355.6495    
  1767.735     -211.5859      366.6728    
  1765.744     -228.4525     -571.0043    
  1815.472     -6.228926      433.8351    
  1849.087     -68.40211     -285.1062    
  1729.965      109.8716     -700.6375    
  1778.774      198.4837     -540.0731    
  1772.690      120.8335      586.7715    
  1744.208     -38.99506      422.8937    
  1839.478     -133.7325      352.4698    
  1715.873     -153.1343     -19.74680    
  1789.503     -278.7347      131.0630    
  1794.429     -29.62834      66.16050    
  1831.581     -113.2726     -312.9394    
  1870.130     -123.2994     -165.3524    
  1708.547      218.6267      686.8509    
  1854.115     -3.641176      89.58313    
  1842.747      224.3484     -343.0362    
  1788.951      211.2804      182.7954    
  1835.517      296.9811      115.9408    
  1748.930     -151.1780      286.7820    
  1783.692      28.09731      10.55334    
  1833.746     -57.41851      359.5503    
  1856.162     -221.2632     -69.06303    
  1836.639      226.5338     -297.1630    
  1739.985     -16.68965      184.6978    
  1717.068     -164.2325      655.2543    
  1734.313      8.609153     -478.3764    
  1700.069     -116.1234      473.2399    
  1716.530      2.537916      681.4160    
  1754.269     -220.3370      636.6534    
  1717.616     -203.1406     -663.1558    
  1858.236     -223.8107     -104.7138    
  1716.398      242.5659     -745.1561    
  1811.653     -175.5183     -195.0313    
  1759.581     -80.20345      428.4030    
  1793.937     -210.4145      423.4261    
  1764.881     -251.2352      314.2286    
  1741.076      14.52918     -645.3133    
  1871.315      141.9583      40.31529    
  1743.757      275.3649     -95.71525    
  1845.947     -125.5943     -66.21796    
  1727.323     -254.2822     -456.2362    
  1804.563     -233.6826      105.5098    
  1728.645      294.8803     -742.7944    
  1711.137      4.073428     -402.8318    
  1793.354     -159.1049     -281.4656    
  1836.433      139.6176     -114.2013    
  1787.229      258.1368     -196.3330    
  1780.904     -204.6105      490.0864    
  1825.741      78.26129     -345.6671    
  1856.067      299.8373     -293.2965    
  1756.320     -251.5989      496.4170    
  1827.007      284.1251     -268.0127    
  1837.875      59.96661     -27.21349    
  1873.626      131.8972      210.5956    
  1831.795     -263.5988     -207.6415    
  1838.426     -143.4541     -199.8457    
  1720.401     -73.72952     -609.7465    
  1704.609     -250.7678      121.9549    
  1886.635     -19.25100      20.41417    
  1810.390      226.0757      300.7186    
  1859.872     0.8836997      93.02721    
  1848.410     -182.4845      122.3729    
  1715.860      71.82347     -354.0518    
  1786.871     -269.2438      516.6655    
  1727.578     -150.3047     -736.9868    
  1850.864      144.8253     -178.5287    
  1720.779      96.59418      530.1602    
  1826.717     -254.6801      421.8984    
  1749.527     -225.9353     -524.6183    
  1792.510     -197.0847      126.6442    
  1844.295     -183.8368     -260.6426    
  1826.069     -200.9702     -293.9166    
  1831.797     -234.1366     -164.7190    
  1879.645      8.902273     -140.8281    
  1809.575     -206.1920     -392.4118    
  1726.515      63.22924     -639.7316    
  1861.602      28.30708     -236.1940    
  1775.670      263.0936      402.4220    
  1849.740     -188.8243     -3.662166    
  1854.546      263.6013      100.0473    
  1753.258     -232.2220      501.3545    
  1735.200     -98.05347     -242.8054    
  1737.612      190.1504     -301.1528    
  1861.347     -1.135365     -296.2945    
  1830.557      166.5359     -251.6185    
  1803.300     -194.8004     -505.9520    
  1830.044      81.02480      142.0914    
  1810.922      69.23099      202.2681    
  1730.914      189.9464      203.3335    
  1719.869      65.16814     -564.3685    
  1707.020     -31.56221      746.8724    
  1707.060     -122.8485      268.6135    
  1873.563     -33.91049      110.7316    
  1800.803      195.9374     -202.1844    
  1750.629     -54.24060      418.5189    
  1751.688      222.3043     -190.0101    
  1835.959     -176.2874      329.1765    
  1748.346     -12.77624     -25.64775    
  1835.374      257.9644      92.87269    
  1848.518     -295.3990      328.1864    
  1768.181     -174.4525     -159.6880    
  1732.101      6.099445      43.46366    
  1860.316     -260.4023     -73.18015    
  1762.953     -202.5144     -359.1656    
  1749.690      92.02898      638.7697    
  1734.661      39.84384      617.3304    
  1778.452     -143.9384      468.5976    
  1783.323      150.8188     -504.7213    
  1776.128      40.72247      533.9150    
  1810.957     -223.0957      463.7850    
  1764.216      170.6981      397.9612    
  1738.388     -145.4413      584.2220    
  1884.846     -220.9516      44.36799    
  1874.249     -259.4769      185.0138    
  1884.797     -196.5633      55.70898    
  1817.402     -163.0977     -149.1107    
  1753.018     -277.4149     -533.9508    
  1764.711     -44.75062      620.4787    
  1786.247      180.8090      289.1815    
  1879.206      22.24486     -58.30486    
  1744.703      105.8723     -596.4302    
  1747.729     -11.05611     -170.7350    
  1803.070      225.7885     -282.4809    
  1815.290      187.3324     -123.6884    
  1842.026     -49.15261     -268.2360    
  1762.961     -74.78773      11.40401    
  1758.600     -153.2367     -415.0678    
  1741.109     -235.5042     -213.8719    
  1863.482      200.2869      126.0215    
  1773.330     -143.5934      627.2261    
  1758.283      116.1879     -401.2453    
  1845.138     -71.98589     -348.2661    
  1791.388     -167.8108     -571.0552    
  1798.066     -290.9518     -527.3680    
  1860.221     -114.1060      215.4948    
  1785.610     -278.2857      304.4359    
  1703.541     -234.1535      3.568727    
  1727.847      286.7537     -165.3147    
  1732.620     -250.3311     -420.8210    
  1794.082      76.53481      448.4081    
  1812.179      210.3591      107.3887    
  1802.586     -50.45001      557.0385    
  1833.138     -244.9668      134.8189    
  1732.066     -60.09003      271.8936    
  1831.757     -176.5748     -155.4151    
  1721.929      45.09624     -644.5610    
  1826.940     -69.05997      337.6995    
  1821.927     -205.3326     -129.9651    
  1779.731     -100.5119     -332.0752    
  1789.916     -299.0128      63.19258    
  1764.753     -244.6508     -215.1823    
  1761.236      31.04717      368.3174    
  1850.741     -1.524976      254.9683    
  1870.650      227.0572      33.82603    
  1768.444     -201.1570     -554.6636    
  1875.306      152.2284      9.282369    
  1805.758     -187.2889     -294.0824    
  1788.226     -200.4880     -456.7008    
  1879.203      92.71318     -45.14650    
  1797.733     -281.4082     -473.6225    
  1810.136      220.4059      139.0637    
  1802.028      215.1835     -556.8923    
  1868.036     -30.53735     -37.28400    
  1824.761      49.28146      297.0096    
  1883.420      22.08442     -51.50466    
  1852.000     -34.35525     -140.6790    
  1875.810      178.1273     -57.54654    
  1841.397      38.37590     -99.04110    
  1790.187     -31.21264      565.7924    
  1722.233     -166.0284     -313.8199    
  1817.759      257.5743     -479.7433    
  1818.010      39.43814     -255.0862    
  1884.168     -26.15414     -52.44965    
  1728.888     -179.8517      275.4082    
  1802.054     -70.77030      375.4800    
  1807.370     -137.1764     -422.6764    
  1724.210     -35.12247      154.2726    
  1831.254      156.2113     -223.6966    
  1785.690      115.7113      284.1588    
  1734.021     -253.4280      691.8613    
  1713.708      70.75453      594.0569    
  1791.016      181.7334      504.1696    
  1701.868     -297.5082      521.9921    
  1848.940     -281.7809     -242.3469    
  1843.139      161.8416     -76.91788    
  1774.928     -227.7173      306.8604    
  1730.422     -183.4117      451.5544    
  1755.302      110.5888     -322.0838    
  1750.582     -220.8271     -202.8898    
  1845.577     -109.6418     -272.4202    
  1854.744      205.8579     -69.79408    
  1730.690      123.8758     -712.9092    
  1821.658      104.9977      184.0434    
  1801.971      159.9114      39.08382    
  1751.125     -136.8723      600.3099    
  1854.516     -202.4446      57.06407    
  1708.795     -209.0518      405.3065    
  1849.147     -30.35704     -315.4442    
  1728.190     -227.5545     -573.2076    
  1852.468     -146.9980      32.27567    
  1724.882      184.6093     -94.64115    
  1801.061      29.28986      550.4051    
  1868.964      196.9870     -204.7090    
  1802.864     -194.5499     -376.6453    
  1852.121      91.85513      35.32302    
  1776.054      166.5941     -587.0705    
  1706.128     -80.90289     -353.6444    
  1868.189      280.9954     -104.5771    
  1728.670     -280.4780     -695.2128    
  1844.035     -163.2788     -225.2804    
  1766.712     -127.2765     -293.3155    
  1732.286      93.39019     -42.95296    
  1702.830     -273.4814      695.7013    
  1862.078     -269.5412     -250.8231    
  1873.501     -168.1112     -38.60954    
  1711.086     -295.7631      652.4030    
  1835.740      275.5889     -299.8804    
  1843.447      175.4403     -140.5619    
  1762.366      125.4089     -82.72152    
  1726.928     -237.3526      705.0653    
  1786.445     -141.9376      416.2332    
  1830.818     -277.5607     -246.3760    
  1831.677     -194.8339     -305.2318    
  1803.231     -198.6245     -552.2741    
  1716.613     -173.5175     -742.5060    
  1785.333      182.0328      520.0599    
  1849.546     -195.9428     -333.7105    
  1785.371     -92.49506     -374.9977    
  1802.199      172.3435      148.5120    
  1814.056     -153.3120     -482.5456    
  1747.624     -65.79868     -585.5053    
  1785.439     -68.62930     -402.6505    
  1800.878     -142.6712      168.2988    
  1730.825     -210.4408     -139.0272    
  1745.403     -165.0579      625.3682    
  1716.529     -293.6328     -731.1478    
  1728.688     -163.1952     -678.3987    
  1755.174     -272.4734     -294.0235    
  1871.143     -8.072389      176.7410    
  1766.097     -220.2034      487.2504    
  1868.966     -124.6568     -249.6525    
  1804.088      82.22624      412.1650    
  1707.608     -13.72856      622.0314    
  1775.822      162.3835      502.9621    
  1761.780      83.56886      672.1287    
  1746.194     -11.66902     -454.1178    
  1785.679      1.911954     -538.5515    
  1714.391     -171.3647     -664.5301    
  1817.047     -212.3035      379.5035    
  1803.237      294.2547     -424.3965    
  1765.912      258.0032     -151.3099    
  1711.161     -199.2485     -530.7225    
  1804.817     -1.795976     -370.9588    
  1874.129     -145.8376     -120.9464    
  1800.547      62.03984      203.9424    
  1700.439      178.5278     -771.6074    
  1851.171     -100.3907     -29.04543    
  1866.413     -75.95136      246.1225    
  1742.514     -86.55407      487.5080    
  1815.345     -98.56206     -131.7374    
  1731.136     -177.1431     -408.8242    
  1702.651     -239.7622      737.6578    
  1883.177      195.5036     -21.77020    
  1792.095     -249.2631      473.7526    
  1865.510     -270.0803      129.0639    
  1778.211     -281.5335     -264.3559    
  1823.133     -195.4854     -278.9422    
  1855.769     -285.4666     -252.3213    
  1870.016     -26.87400     -136.1532    
  1789.004      90.73769      37.67507    
  1809.699     -227.1556     -415.5415    
  1777.482     -281.2572     -604.8378    
  1728.072     -261.0618      168.8295    
  1788.192     -270.7019      478.0134    
  1781.545     -256.4907     -524.7158    
  1716.349     -142.0538      313.4611    
  1785.874      66.94655     -113.2059    
  1764.087     -145.8631      384.0005    
  1816.606      206.3927      451.6642    
  1809.836     -81.31436     -164.5658    
  1817.309     -125.5537     -469.0399    
  1798.284     -59.80145     -106.2286    
  1785.279     -81.09689     -343.6768    
  1856.140     -120.0537      301.8078    
  1819.675     -87.47340     -47.85707    
  1706.862      78.19461     -442.0544    
  1876.398      188.6859     -11.09187    
  1701.844     -187.4323      428.1062    
  1700.908     -78.88867      288.6555    
  1700.428      7.367090      794.7886    
  1787.625      149.1219      523.0887    
  1762.760      42.80747     -605.7123    
  1712.444     -4.021737     -703.7584    
  1715.001     -6.615997      776.6976    
  1727.542     -228.8606      413.4071    
  1702.346     -151.5479      781.3510    
  1716.499     -248.5825     -554.3708    
  1816.091     -231.7179     -373.6111    
  1876.721      17.33283      171.2873    
  1805.609      58.63218     -49.01300    
  1741.668     -106.3829     -494.1244    
  1885.556     -269.7954      48.56155    
  1818.685      271.6904     -332.8473    
  1736.008     -287.9807      674.7520    
  1854.186      106.1056      292.5332    
  1768.353      72.73186      597.5915    
  1720.701      66.82716     -167.8700    
  1774.817     -45.20741     -538.6501    
  1706.636      19.25781      513.4800    
  1784.690     -85.04335      573.5547    
  1748.320      139.4811      324.4952    
  1862.275     -7.656322     -266.9792    
  1826.920     -49.54692     -76.46388    
  1769.542     -225.6145      541.6846    
  1864.407     -118.2747      228.1555    
  1774.731     -266.8092     -397.2191    
  1870.151     -270.3842      198.6480    
  1738.488      57.69826     -687.1389    
  1791.970     -10.82065     -249.8795    
  1758.584      25.85946      415.8305    
  1771.557     -59.21594      592.4609    
  1815.289     -122.6172      184.2144    
  1793.504      71.48104      420.5318    
  1829.484     -57.70658      382.2934    
  1883.281     -206.9693      73.73483    
  1767.793     -137.6672      517.3057    
  1763.679      179.6528      606.3244    
  1825.453     -153.9882      45.28407    
  1866.769     -189.1593     -234.4625    
  1758.132     -195.5888      627.3251    
  1734.281      154.4965     -36.53659    
  1725.097     -291.2246      387.1465    
  1815.321      221.6854      226.4579    
  1702.140      244.9271     -414.9133    
  1823.200      216.5424      153.2479    
  1782.944      223.5774     -486.6253    
  1708.750      149.4268     -326.4772    
  1789.421      178.9604      217.4535    
  1703.393      263.3736     -545.7069    
  1809.767     -282.3886      510.3853    
  1811.305     -199.7552     -212.7046    
  1763.926     -69.39602     -202.6301    
  1726.274      235.1309      396.1261    
  1830.761      20.30648     -410.4910    
  1709.548     -8.925115     -435.6207    
  1845.823      297.2979     -242.9952    
  1785.617      35.50149     -381.6388    
  1849.986      117.1021      348.6569    
  1735.371     -280.1755      346.3401    
  1852.915      219.5937     -259.3916    
  1796.300      299.1444     -416.7204    
  1779.151     -206.2427     -253.0600    
  1733.402     -207.0095      722.5351    
  1836.809      249.8891     -347.6259    
  1732.436     -215.3851     -17.78816    
  1813.098      45.43816     -169.5536    
  1839.712      18.60762      370.6615    
  1860.145      86.73487     -246.0125    
  1769.531      146.3233      445.6092    
  1767.586     -286.1421     -312.6528    
  1787.882      248.7847     -525.8217    
  1876.777     -21.50731      177.2131    
  1827.336     -281.7557     -355.4281    
  1885.979     -85.99759     -22.05525    
  1758.654     -271.4152     -295.3443    
  1872.290     -57.59237     -114.1620    
  1821.973     -200.4608     -150.4075    
  1720.370      238.8188     -462.8422    
  1823.894     -15.25909     -462.0544    
  1811.670     -15.20489     -442.7878    
  1832.951     -171.1099     -349.6389    
  1831.223     -181.6466      448.8452    
  1741.025     -120.4906     -706.0972    
  1837.382      133.8698     -42.58932    
  1728.501     -34.04269     -309.5318    
  1711.931     -98.86681      309.2964    
  1750.941     -261.2084      78.25031    
  1708.212     -153.2524     -656.1219    
  1715.160     -121.7891     -500.4343    
  1743.514      186.5524      603.1707    
  1703.296     -87.14264     -84.60162    
  1793.444      205.7619     -357.0330    
  1876.711     -228.1305      183.3672    
  1843.037     -142.5147     -387.2673    
  1879.455     -187.8364     -17.24166    
  1720.894      155.1536      461.3181    
  1771.530     -43.46331      609.0159    
  1840.806      100.7325      47.33505    
  1785.000      78.55477     -103.4502    
  1811.188     -234.0297      37.02281    
  1760.334      135.4501      141.5642    
  1762.040      231.1889      321.8192    
  1770.572     -175.5681      599.9930    
  1846.325      243.7894      177.6465    
  1764.243     -39.12744      638.1759    
  1851.937      49.86966      327.9470    
  1774.359     -205.9989     -217.0867    
  1770.419     -219.1703     -282.9038    
  1712.115     -160.4197      64.44318    
  1777.238      76.08105      122.0976    
  1808.482      104.8184     -12.80252    
  1768.317     -189.5762      281.1652    
  1858.218     -55.29712     -298.7215    
  1852.971      187.1502     -81.74303    
  1797.428     -190.7677     -295.7560    
  1820.643      42.26081     -67.20873    
  1794.795     -226.4385     -232.3701    
  1785.211      147.1288      146.6564    
  1769.888      109.5030     -560.7488    
  1735.803      42.03426      737.6962    
  1766.765     -98.64214     -44.68798    
  1847.069     -273.5341     -174.7227    
  1858.455      10.55127      221.8031    
  1800.580      130.0842      79.62472    
  1787.206     -48.61464      267.4852    
  1756.906     -217.3930      153.9484    
  1745.873     -143.8483     -279.6870    
  1777.232     -286.3011     -35.96560    
  1715.677     -299.6449      703.8506    
  1820.380     -136.2982      307.0458    
  1736.404      248.5663      631.5237    
  1857.797     -286.6306     -281.7995    
  1786.341     -130.2969     -443.0041    
  1843.328      152.6773      7.244319    
  1834.614     -141.7773      248.4226    
  1863.243     -284.7383     -45.86734    
  1749.202     -30.79222      64.41602    
  1700.510      84.96592      815.0889    
  1703.268      129.0908      717.7968    
  1797.338     -287.4301      258.5506    
  1745.095      97.22022      684.3539    
  1833.954      296.0324      157.9110    
  1812.699      49.23713     -401.1695    
  1823.995      39.74611     -240.9190    
  1765.458     -214.1832     -586.8832    
  1858.131      34.40504      83.36858    
  1829.861     -267.2635     -419.9154    
  1755.145     -240.8840     -353.2741    
  1842.757     -158.0502      282.6405    
  1818.607      45.49561      172.7066    
  1824.389     -245.4281     -467.5497    
  1845.213     -163.2364      212.0071    
  1724.235      191.5393      724.3892    
  1756.361      76.49557     -397.3939    
  1814.889      142.6029      491.0629    
  1851.275     -40.09563     -157.6123    
  1864.656      209.4509      219.4558    
  1831.951      94.62073      441.5566    
  1709.495     -230.2163      500.8339    
  1769.269     -231.9365     -361.6510    
  1837.604     -194.4877      28.57129    
  1737.810     -232.9684     -699.3510    
  1818.248     -164.8442     -256.5433    
  1818.199     -176.0022     -291.1353    
  1835.937     -182.7139      422.4343    
  1735.454     -158.0549     -664.9061    
  1808.792     -262.6537     -130.6007    
  1814.012     -255.7066     -507.0890    
  1873.095      232.8410      221.0886    
  1775.384     -59.26226      129.8263    
  1800.302      34.61613      294.2754    
  1869.352      254.3378     -80.34535    
  1838.793      53.26487      350.6458    
  1770.112     -134.2334     -499.7224    
  1784.643      83.89496      84.59697    
  1781.033     -242.0114      593.9805    
  1827.684     -254.1527     -240.0015    
  1822.776     -51.83220     -148.7272    
  1858.479      63.81557     -219.2795    
  1819.121      177.3229     -376.3949    
  1701.860      227.4988     -547.9918    
  1814.736     -31.46116      111.5026    
  1852.070     -271.1397      277.2647    
  1836.250     -220.4796     -286.7796    
  1760.123      156.1299      336.7926    
  1850.161     -18.81428      353.6985    
  1813.914     -286.6421      139.7598    
  1788.376     -127.8422     -559.5781    
  1869.041      72.50926      140.9799    
  1803.422     -256.1693      232.9230    
  1779.666     -95.89400     -473.7387    
  1761.607     -165.9821      517.3482    
  1783.096     -212.9498      600.6469    
  1725.534     -50.00388     -414.6920    
  1754.635     -146.6583      410.8116    
  1712.356     -174.7885      654.6949    
  1736.934     -193.2853      7.760111    
  1801.234      27.08275      448.8715    
  1814.340      7.002969      483.4226    
  1818.576     -31.40833     -115.3323    
  1707.187     -211.4765     -512.0104    
  1753.831     -245.8499      126.3604    
  1861.898      238.3941     -259.4821    
  1836.343      247.0915     -260.6972    
  1869.555     -92.26834     -96.62081    
  1852.614     -157.0001     -95.24203    
  1855.844     -104.2748     -30.22467    
  1869.534     -169.0065      3.490230    
  1822.486      181.4632     -101.1704    
  1752.940     -23.88855      439.4639    
  1863.020     -13.33706      6.872230    
  1872.214     -162.5745      7.351449    
  1844.813     -105.8976     -94.22597    
  1754.918     -98.76041      668.7830    
  1770.361     -271.9785     -409.1861    
  1751.195     -266.6077     -590.3406    
  1842.477     -1.330871     -234.3887    
  1801.916      266.1022      369.8820    
  1745.327     -157.5670      380.8225    
  1760.730      159.4525      609.5453    
  1726.156     -182.7999      576.1125    
  1850.576     -279.5287     -159.4202    
  1843.175     -157.2016      208.5455    
  1791.065     -170.8958     -228.5170    
  1803.867     -287.1648      349.2074    
  1848.360     -72.49632      264.0823    
  1839.652     -95.41660      298.8800    
  1811.607      96.93770      108.6058    
  1763.101      145.5916     -343.5148    
  1754.110     -12.06457      615.4094    
  1768.660     -112.3644     -200.4220    
  1880.780      183.6184     -19.11160    
  1790.268     -251.2903      265.8951    
  1795.246     -277.5302     -155.9434    
  1849.277      54.31316      98.38647    
  1833.050     -288.4415     -205.7986    
  1810.575     -55.06725     -381.8467    
  1772.127     -5.903817     -431.1360    
  1701.141     -52.90354      327.7536    
  1884.430     -224.6038     -86.79258    
  1867.326      104.8595     -55.81131    
  1704.907     -58.13332      487.9923    
  1764.033      127.3592     -573.9732    
  1725.825      50.72689      473.5032    
  1849.657      12.45968     -247.9486    
  1855.169      187.6409     -251.0427    
  1821.232      135.8284     -343.1037    
  1830.860      161.9899     -428.9435    
  1875.038      73.87511      37.09305    
  1724.342      6.569324     -724.5442    
  1736.847     -84.14461      588.2118    
  1778.243     -2.980900     -327.4413    
  1725.204     -198.7623     -696.2563    
  1739.089     -184.8246      244.2826    
  1817.737     -277.6270      463.1369    
  1854.219     -298.5770     -116.2119    
  1831.537      283.0798     -394.3573    
  1879.313      92.45344     -115.8521    
  1848.130      274.3336      279.9030    
  1808.365     -70.77451     -460.8458    
  1786.834      183.5602     -596.8692    
  1825.582     -217.5920      304.4157    
  1864.590      152.6186     -169.7592    
  1869.158      212.7035      106.8673    
  1723.736     -203.0183     -740.0584    
  1768.353     -45.45173      105.6942    
  1805.234      105.9523      233.2803    
  1725.418     -75.51888     -495.8894    
  1821.606      261.8667      83.16772    
  1837.014     -56.89405     -194.9405    
  1784.134     -203.0431      378.7362    
  1750.633     -140.8681      548.9340    
  1779.224     -98.55213     -111.5099    
  1743.740      54.72219      123.8939    
  1800.094      258.0012      134.7230    
  1707.398      143.1348     -489.4184    
  1782.913      104.1204      249.9003    
  1804.009      217.4857     -116.0859    
  1807.609      244.7771      346.6870    
  1744.981     -159.3748      512.5668    
  1827.566     -98.79539     -433.1714    
  1743.411     -176.1056      645.8326    
  1711.987     -205.0615      719.0781    
  1880.292     -283.0549      83.15221    
  1717.623     -63.79380     -582.2823    
  1763.736      290.6709      475.7059    
  1842.899     -43.24619      333.1959    
  1836.260     -216.3825      111.0656    
  1766.007     -147.4067      346.4174    
  1837.008     -26.60215      106.1822    
  1794.574     -216.4214      130.3987    
  1806.568      84.39728     -91.11098    
  1814.410     -185.8449     -260.7383    
  1757.285     -264.2150     -623.5676    
  1796.230      137.7794      486.7218    
  1787.724     -44.00113     -198.8325    
  1816.224      284.4054      510.4276    
  1795.493     -127.1393      180.5824    
  1701.771     -150.5587      662.9150    
  1879.762     -200.2648     -161.2599    
  1757.181     -214.1349      352.8963    
  1712.376      158.3665      235.6957    
  1869.885      279.9544     -100.1614    
  1709.206     -69.11221     -755.7003    
  1752.346      52.81990     -615.0479    
  1868.161      284.2273     -89.61706    
  1763.792     -50.29773      515.2098    
  1748.373     -132.6072      280.3840    
  1818.426      238.3308     -496.1800    
  1792.208      294.9596     -125.6349    
  1880.268      235.2050     0.4172082E-01
  1723.561     -229.1612     -569.6932    
  1854.596     -114.0528     -162.8131    
  1858.451      36.61179      292.0059    
  1778.070     -128.3656     -505.8252    
  1703.804      241.5172     -649.6335    
  1833.766     -250.7116     -216.5639    
  1797.735      246.3240     -243.3191    
  1837.431     -12.81571      113.1358    
  1840.030     -116.1631      188.1494    
  1757.716     -13.63715      293.9611    
  1839.928     -166.4414     -128.6779    
  1840.996      16.70033     -284.7237    
  1715.485     -262.5344     -733.8542    
  1847.245     -217.8021      317.3911    
  1767.318      231.9975      535.4252    
  1850.707     -52.76552      18.92969    
  1796.682      123.7420     -558.0998    
  1739.734      281.4890     -52.48629    
  1856.264     -106.5508      92.89709    
  1838.813     -209.1528     -44.56614    
  1773.578     -211.6841      522.2153    
  1818.951      82.29066      328.2245    
  1837.434      121.2240     -92.66557    
  1724.066     -158.6912      200.8941    
  1847.522     -206.0526      220.1729    
  1788.087     -188.5312      124.1559    
  1846.328      227.2369      383.1403    
  1734.678     -186.7851      714.4078    
  1770.135      88.19553     -553.3372    
  1718.604     -176.3894     -35.10909    
  1847.821      205.7560     -256.3289    
  1725.460     -293.0691     -719.0123    
  1824.541     -102.5802      111.1622    
  1850.419     -161.4155     -345.1918    
  1840.540     -37.63158      192.8980    
  1790.317      76.11768      174.9702    
  1702.105     -75.91092      274.4718    
  1746.010     -210.3050     -599.8098    
  1849.966     -289.0974      199.7302    
  1832.424      39.00590     -435.9045    
  1709.423     -208.7615     -445.7665    
  1761.757     -291.3980      616.7892    
  1817.035      174.6300      473.8494    
  1820.176      30.99599      168.5236    
  1741.300      54.63614      574.0554    
  1795.951      49.28342     -514.4694    
  1704.477      217.7220     -525.1722    
  1787.672      201.3563     -577.6612    
  1703.831     -214.1839     -486.0103    
  1853.627     -245.0136     -321.2504    
  1827.942      50.60166     -449.4147    
  1737.043      86.30211     -640.4966    
  1761.229     -242.9538      655.5358    
  1882.751     -47.90109     -54.83793    
  1780.402     -139.3981     -491.6928    
  1725.672      89.78231      577.8668    
  1795.460      288.0122      262.2784    
  1834.926      94.22188      93.38597    
  1713.974     -42.59734      212.8165    
  1706.728      93.46796      753.3681    
  1802.116      115.3571      391.2798    
  1783.262      225.0000      24.53966    
  1816.831     -275.8344      294.6750    
  1821.445     -239.5692      312.0161    
  1805.375     -20.73377      333.3485    
  1838.536     -167.8615      113.2969    
  1819.142      288.2462     -273.5938    
  1754.973     -57.08558     -131.0714    
  1805.176      154.4302     -403.9554    
  1794.693     -198.8035     -455.3714    
  1761.334      140.1888     -410.8631    
  1804.681     -82.19728     -125.0466    
  1826.582      256.8242     -410.0721    
  1717.378     -206.6258     -780.2788    
  1759.556     -24.22746     -323.7589    
  1732.279      61.87978      707.1477    
  1720.842     -102.2552      30.69165    
  1736.997      78.91545     -313.1969    
  1837.390     -210.6063      217.3773    
  1832.600      88.04615     -92.34837    
  1759.539     -170.9443      277.1373    
  1719.386     -147.3467      742.1200    
  1713.099     -198.2134     -669.4116    
  1816.236      272.1266      456.1107    
  1771.315     -33.58280      419.2668    
  1869.373      158.3545     -191.7932    
  1857.757      78.59498      322.7315    
  1781.599      193.3941     -327.4118    
  1710.589     -227.9779      793.3037    
  1802.208     -216.9024     -444.4708    
  1775.157     -244.9051     -260.6593    
  1726.228     -100.7654      440.1062    
  1797.843     -147.2525     -566.4666    
  1742.365     -77.97703     -453.4990    
  1814.598     -287.9251     -386.1440    
  1844.427      99.65314     -24.06167    
  1750.052     -138.3003      393.9170    
  1819.644     -155.9361      358.1386    
  1755.952     -84.43209      483.5370    
  1788.998     -130.3049      572.4702    
  1725.226     -217.1157     -409.9367    
  1781.713      221.9071      532.8484    
  1807.841     -169.2397     -309.3305    
  1718.474     -200.5654     -262.8775    
  1747.477     -299.1069     -546.6714    
  1710.207      164.2586      399.3338    
  1806.744      157.4207     -419.1443    
  1714.456      225.4505     -220.2232    
  1857.889     -58.59218      284.1081    
  1869.673      80.40103      44.82219    
  1840.512      82.50078      171.0235    
  1720.279     -187.3611      751.4800    
  1826.963      243.1845      394.5463    
  1730.610     -49.11329    -0.5601319    
  1712.350      9.252439      483.8133    
  1838.265     -55.93668     -123.6197    
  1744.685      74.98291      698.2954    
  1844.214      12.79187     -379.1347    
  1722.690      2.804413     -543.7752    
  1737.467      61.61481     -591.6010    
  1794.382     -231.9878      78.20264    
  1807.654      284.4439      220.0590    
  1813.685     -258.5809     -308.9005    
  1872.481     -155.0272     -180.1357    
  1781.833     -151.4989      252.4543    
  1774.403      253.2557      71.95188    
  1875.372      299.0864     -25.79114    
  1791.927     -100.9793      309.4084    
  1793.228      71.43568      380.1285    
  1712.091     -97.29041     -336.8212    
  1852.704     -158.0255     -176.5988    
  1741.432     -251.3775     -405.7831    
