0 1869.762357 0.036835
1 -0.185166 0.178010
2 -0.000879 0.000369
3 3.153783 0.035294
4 3.197943 0.034866
5 40.894871 0.210274
6 1888.750000 0.000000
7 0.188123 0.000000
8 4.389010 0.000000
9 0.340629 0.079605
10 0.363402 0.005110
11 8.334155 0.110232
12 81.783959 0.719767
13 -0.002225 0.000796
14 4.704761 0.000000
15 9.017986 0.000000
16 53.674644 2.672362
17 -20.383916 0.309203
18 1888.750000 0.000000
19 -1.363022 0.000000
20 -408.208957 7.513373
21 222.954882 2.552581
22 -5650.994232 142.864603
23 3049.647867 17.293253
24 359.554592 5.718889
25 1609.991335 0.000000
26 -2038.378560 0.000000
27 -179.927654 0.000000
28 0.000000 0.000000
29 2273.107959 0.000000
