0 1869.931653 0.046098
1 0.685300 0.196184
2 0.000025 0.000462
3 4.072480 0.048174
4 3.957034 0.041118
5 46.947055 0.252259
6 1888.750000 0.000000
7 0.188123 0.000000
8 4.389010 0.000000
9 -0.338294 0.141348
10 0.365191 0.005134
11 10.932862 0.175831
12 91.586970 0.874705
13 -0.002776 0.001098
14 4.704761 0.000000
15 9.017986 0.000000
16 53.831093 3.152475
17 -20.306460 0.354368
18 1888.750000 0.000000
19 -1.363022 0.000000
20 -521.553384 18.018810
21 265.543253 4.885910
22 -5033.657644 242.274660
23 3200.179329 24.087873
24 403.686099 9.415737
25 1609.991335 0.000000
26 -2038.378560 0.000000
27 -179.927654 0.000000
28 0.000000 0.000000
29 2273.107959 0.000000
