# This file specifies cosmic calibrations for experimental runs,
# scale factors for systematic errors and statisical errors used in simulation
# and, optionally, the IP position to be used instead of DB data.
# File format:
# <number of cosmic calibrations>
# <first run> <last run> <cosmic run> <xtversA> <xtversB> 
!               <SystScaleA> <SystScaleZ> <StatScaleA> <StatScaleZ>
!                                                [Xip Yip Zip dXip dYip dZip]
# blank lines are allowed, '#' and '!' terminate a line
#
 562
 2147  2211  2176  0  0   6.90  2.65  1.35  1.25
 2212  2248  2242  0  0   6.90  2.65  1.35  1.25
 2249  2268  2266  0  0   6.90  2.65  1.35  1.25
 2269  2318  2305  0  0   6.90  2.65  1.35  1.25
 2319  2411  2386  0  0   6.90  2.65  1.35  1.25
 2412  2488  2469  0  0   6.90  2.65  1.35  1.25
 2489  2544  2538  0  0   6.90  2.65  1.35  1.25
 2545  2613  2611  0  0   6.90  2.65  1.35  1.25
 2614  2640  2627  0  0   6.90  2.65  1.35  1.25
 2641  2647  2647  0  0   6.90  2.65  1.35  1.25
 2648  2686  2649  0  0   6.90  2.65  1.35  1.25
 2687  2711  2688  0  0   6.90  2.65  1.35  1.25
 2712  2720  2713  0  0   6.90  2.65  1.35  1.25
 2721  2764  2736  0  0   6.90  2.65  1.35  1.25
 2765  2800  2766  0  0   6.90  2.65  1.35  1.25
 2801  2809  2801  0  0   6.90  2.65  1.35  1.25
 2810  2820  2811  0  0   6.90  2.65  1.35  1.25
 2821  2917  2916  0  0   6.90  2.65  1.35  1.25
 2967  2999  2967  0  0   6.90  2.65  1.35  1.25
 3000  3143  3074  0  0   6.90  2.65  1.35  1.25
 3144  3207  3151  0  0   6.90  2.65  1.35  1.25
 3208  3264  3258  0  0   6.90  2.65  1.35  1.25
 3265  3286  3269  4  5   6.90  2.65  1.35  1.25
 3287  3337  3324  4  5   6.90  2.65  1.35  1.25
 3338  3351  3341  4  5   6.90  2.65  1.35  1.25
 3356  3361  3356  3  4   6.90  2.65  1.35  1.25
 3362  3373  3365  3  4   6.90  2.65  1.35  1.25
 3374  3389  3377  3  4   6.90  2.65  1.35  1.25
 3390  3422  3414  3  4   6.90  2.65  1.35  1.25
 3423  3435  3427  2  4   6.90  2.65  1.35  1.25
 3436  3491  3481  2  4   6.90  2.65  1.35  1.25
 3492  3507  3501  2  3   7.90  2.65  1.35  1.25
 3508  3518  3508  2  3   7.90  2.65  1.35  1.25
#mu1
 3519  3549  3523  2  3   5.30  2.45  1.64  1.67
 3550  3585  3554  2  3   7.90  2.85  1.64  1.67
#
 3586  3623  3608  3  4   5.90  2.89  2.07  1.67  -1.98  3.07 -1.57  0.20 0.10 0.20
 3624  3673  3663  3  4   5.90  2.89  2.07  1.67
 3674  3718  3689  3  4   5.90  2.89  2.07  1.67
 3719  3778  3743  3  4   5.90  2.89  2.07  1.67
 3779  3793  3792  2  3   6.90  3.15  2.07  1.67
 3794  3811  3794  1  2   6.90  3.15  2.07  1.67
 3812  3869  3812  3  4   6.90  3.15  2.07  1.67
 3870  3888  3882  3  4   6.90  3.15  2.07  1.67
 3889  3909  3905  1  2   6.90  3.15  2.07  1.67
 3910  3944  3910  1  2   6.90  3.15  2.07  1.67
 3945  3960  3951  0  0   6.90  3.15  2.07  1.67
 3961  3964  3962  0  0   6.90  3.15  2.07  1.67
 3965  4003  3982  0  0   6.90  3.15  2.07  1.67
 4100  4125  4119  2  2   6.90  3.15  2.07  1.67
 4126  4135  4129  2  2   6.90  3.15  2.07  1.67
 4136  4142  4136  2  2   6.90  3.15  2.07  1.67
 4143  4213  4206  2  2   6.90  3.15  2.07  1.67
 4214  4233  4224  2  2   6.90  3.15  2.07  1.67
 4234  4248  4241  1  1   6.90  3.15  2.07  1.67
 4249  4276  4274  1  1   6.90  3.15  2.07  1.67
 4277  4355  4322  2  2   6.90  3.15  2.07  1.67
 4355  4365  4362  2  2   6.90  3.15  2.07  1.67
 4366  4400  4371  1  1   6.90  3.15  2.07  1.67
 4401  4433  4411  2  2   6.90  3.15  2.07  1.67
 4434  4471  4463  2  2   6.90  3.15  2.07  1.67
 4472  4512  4491  2  2   6.90  3.15  2.07  1.67
 4513  4595  4535  0  0   7.50  2.35  2.29  1.94
 4596  4636  4626  1  1   7.50  2.35  2.29  1.67
 4637  4684  4679  2  2   7.50  2.35  2.29  1.67
 4685  4701  4688  2  2   7.50  2.35  2.29  1.67
 4702  4709  4708  2  2   7.50  2.35  2.29  1.67
 4710  4728  4712  2  2   7.50  2.35  2.29  1.67
#mu2
 4729  4772  4747  2  2   12.5  2.90  2.78  1.67
 4773  4893  4790  1  1   9.50  2.90  2.29  1.67
 4894  4941  4897  1  1   8.50  3.10  2.29  1.67
 4942  5012  4950  1  1   6.50  3.10  2.29  1.67
 5013  5025  5020  0  0   4.50  2.50  2.29  1.67
#
 5026  5054  5020  0  0   8.00  2.10  2.94  1.87
 5187  5205  5194  1  1  12.00  2.10  2.94  1.87
 5206  5220  5217  2  2  12.00  2.10  2.94  1.87
 5221  5256  5249  1  1  12.00  2.10  2.94  1.87
 5257  5324  5282  2  2  12.00  2.10  2.94  1.87
 5325  5396  5342  2  2  12.00  2.10  2.94  1.87
 5397  5427  5401  2  2  12.00  2.10  2.94  1.87
 5428  5464  5444  2  2  12.00  2.10  2.94  1.87
 5465  5474  5469  5  5  12.00  2.10  2.94  1.87
 5475  5492  5477  4  4  12.00  2.10  2.94  1.87
 5493  5514  5505  4  4  12.00  2.10  2.94  1.87
 5515  5553  5517  4  4  12.00  2.10  2.94  1.87
 5554  5558     0  0  0  12.00  2.10  2.94  1.87
 5559  5587  5577  4  4  12.00  2.10  2.94  1.87
 5588  5601  5590  4  4  12.00  2.10  2.94  1.87
 5603  5613  5603  5  5  12.00  2.10  2.94  1.87
 5614  5632  5629  5  5  12.00  2.10  2.94  1.87
 5634  5649  5642  4  4  14.50  1.90  2.94  1.87
 5650  5664  5661  3  3  14.50  1.90  2.94  1.87
 5665  5679  5665  2  2  14.50  1.90  2.94  1.87
 5680  5715  5704  2  2  14.50  1.90  2.94  1.87
 5716  5745  5736  2  2  14.50  1.90  2.94  1.87
 5746  5781  5756  2  2  14.50  1.90  2.94  1.87
 5782  5802  5793  2  2  14.50  1.90  2.94  1.87
 5803  5841  5804  2  2  14.50  1.90  2.94  1.87
 5842  5866  5859  2  2  14.50  1.90  2.94  1.87
 5867  5894  5869  2  2  14.50  1.90  2.94  1.87
 5895  5921  5895  2  2  14.50  1.90  2.94  1.87
 5922  5974  5941  2  2  14.50  1.90  2.94  1.87
 5975  6000  5985  2  2  14.50  1.90  2.94  1.87
 6001  6050  6032  2  2  14.50  1.90  2.94  1.87
 6051  6107  6071  2  2  14.50  1.90  2.94  1.87
 6108  6141  6120  2  2  14.50  1.90  2.94  1.87
 6142  6260  6145  2  2  14.50  1.90  2.94  1.87
 6261  6304  6261  0  0  14.50  1.90  3.43  1.87
#mu3
 6305  6442  6407  2  2   1.25  3.50  1.73  2.33
 6443  6454  6443  2  2   1.25  3.50  1.73  1.87
 6455  6463  6457  2  2   1.25  3.79  1.73  1.87
 6464  6503  6470  2  2   1.25  3.79  1.73  1.87
#
 6504  6516  6504  2  2   1.25  3.10  1.73  3.03
 6517  6541  6525  2  2   3.50  3.40  1.73  3.03
 6542  6598  6560  2  2   3.50  3.40  1.73  3.03
 6599  6652  6641  2  2   3.50  3.40  1.73  3.03
 6653  6695  6671  2  2   3.50  3.40  1.73  3.03
 6696  6761  6740  2  2   3.50  3.40  1.73  3.03
 6762  6794  6780  2  2   3.50  3.40  1.73  3.03
 6795  6862  6795  2  2   3.50  3.40  1.73  3.03
 6863  6887  6885  2  2   3.50  3.40  1.73  3.03
 6888  6954  6899  2  2   3.50  3.40  1.73  3.03
 6955  7000  6970  2  2   3.50  3.40  1.73  3.03
 7001  7029  7001  2  2   3.50  3.40  1.73  3.03
 7030  7059  7050  2  2   3.50  3.40  1.73  3.03
 7060  7079  7061  2  2   3.50  3.40  1.73  3.03
 7080  7105  7101  2  2   3.50  3.40  1.73  3.03
 7106  7120  7108  2  3   3.50  3.40  1.73  3.03
 7121  7136  7121  2  3   3.50  3.40  1.73  3.03
 7137  7183  7163  2  3   3.50  3.40  1.73  3.03
 7184  7239  7190  2  3   3.50  3.40  1.73  3.03
 7241  7257  7241  2  3   3.50  3.40  1.73  3.03
 7258  7265  7260  2  3   3.50  3.40  1.73  3.03
 7266  7311  7268  2  3   3.50  3.40  1.73  3.03
 7312  7359  7319  2  3   3.50  3.40  1.73  3.03
 7360  7396  7365  2  3   3.50  3.40  1.73  3.03
 7397  7423  7420  2  3   3.50  3.40  1.73  3.03
 7424  7443  7430  2  3   3.50  3.40  1.73  3.03
 7444  7468  7446  2  3   3.50  3.40  1.73  3.03
 7469  7485  7473  2  3   3.50  3.40  1.73  3.03
 7486  7510  7499  2  3   3.50  3.40  1.73  3.03
 7511  7557  7536  2  3   3.50  3.40  1.73  3.03
 7558  7607  7582  2  3   3.50  3.40  1.73  3.03
 7608  7625  7621  2  3   3.50  3.40  1.73  3.03
 7626  7663  7661  2  3   3.50  3.40  1.73  3.03
 7664  7682  7679  2  3   3.50  3.40  1.73  3.03
 7683  7732  7724  2  3   3.50  3.40  1.73  3.03
 7733  7806  7802  4 11   3.50  3.40  1.73  3.03
#mu4
 7807  7839  7828  4 11   1.50  4.10  1.73  3.54
 7840  7882  7880  4 11   1.50  4.10  1.73  3.54
 7883  7919  7917  4 11   1.50  4.10  1.73  3.54
 7920  7961  7950  4 11   1.50  4.10  1.73  3.54
 7962  7968  7967  4 11   1.50  4.10  1.73  3.54
 7969  7992  7988  4 12   1.50  4.10  1.73  3.54
#
 7993  8002  7999  4 12   1.50  3.70  1.73  3.08
 8003  8021  8007  4 12   1.50  3.70  1.73  3.08
 8022  8039  8032  4 11   1.50  3.70  1.73  3.08
 8040  8049  8044  4 11   1.50  3.70  1.73  3.08
 8050  8081  8061  4 11   1.50  3.70  1.73  3.08
 8082  8114  8113  4 11   1.50  3.70  1.73  3.08
 8115  8144  8142  4 11   1.50  3.70  1.73  3.08
 8145  8158  8153  4 11   1.50  3.70  1.73  3.08
 8159  8191  8184  4 11   1.50  3.70  1.73  3.08
 8192  8203  8195  4 11   1.50  3.70  1.73  3.08
#mu5
 8204  8232  8231  4 11   1.50  3.60  1.63  3.37
 8233  8361  8288  4 11   1.50  3.60  1.63  3.37
 8362  8370  8362  4 11   1.50  3.60  1.63  3.37
 8371  8413  8412  4 11   1.50  3.60  1.63  3.37
#
 8414  8480  8443  4 11   1.50  3.60  1.63  3.37
 8481  8503  8498  4 11   1.50  3.60  1.63  3.37
 8504  8505  8504  2 11   1.50  3.60  1.63  3.37
 8506  8600  8514  4 11   1.50  3.60  1.63  3.37
 8601  8660  8656  1  1   1.50  3.60  1.63  3.37
 8661  8710  8709  1  1   1.50  3.60  1.63  3.37
 8711  8737  8736  1  1   1.50  3.60  1.63  3.37
 8738  8783  8780  1  1   1.50  3.60  1.63  3.37
 8784  8787  8784  1  1   1.50  3.60  1.63  3.37
 8788  8806  8805  1  1   1.50  3.60  1.63  3.37
 8807  8871  8869  1  1   1.50  3.50  1.63  3.37
#mu6
 8872  8896  8895  0  0   1.50  3.40  1.63  3.37
 8897  8962  8958  1  2   1.50  3.30  1.63  3.37
 8963  8984  9040  1  2   1.50  3.20  1.63  3.37
 8985  9045  9040  1  2   1.50  3.00  1.63  3.37
# 9079 - first run for 2gamma at tau threshold
 9046  9081  9040  1  2    6.0  1.65  1.70  1.50 ! k
 9082  9133  9131  1  2    6.5  1.65  1.90  1.45 ! b
 9134  9140  9139  1  2   12.0  4.50  1.51  3.76 ! -
 9141  9199  9197  1  2    6.5  1.65  1.90  1.45 ! a
 9200  9229  9227  0  1    6.5  1.65  1.90  1.45 ! a
 9230  9255  9253  1  2    6.5  1.65  1.90  1.45 ! a
 9256  9325  9256  1  2    5.0  1.47  1.45  1.38 ! e
 #9326  9389  9326  1  2    5.0  1.47  1.45  1.38 ! a
 9326  9389  9326  1  2    4.7  1.37  1.45  1.38 ! b
 9390  9395  9390  1  2    4.7  1.37  1.45  1.38 ! -
 9391  9414  9407  2  3    4.7  1.37  1.45  1.38 ! a
 9415  9472  9415  2  3    4.7  1.37  1.45  1.38 ! a
 9473  9474  9473  1  2    4.7  1.37  1.45  1.38 ! -
 9475  9509  9509  1  2    9.0  1.30  2.25  1.38 ! e
 9510  9574  9574  1  2    9.0  1.30  2.05  1.38 ! b
 9575  9621  9619  0  1    6.0  1.10  1.65  1.38 ! b
 9622  9685  9684  0  1    7.0  1.80  2.20  1.80 ! d
 9686  9693  9692  0  1    6.0  1.10  1.65  1.38 ! -
 9694  9727  9726  0  1    9.0  1.60  1.85  1.58 ! d
#
 9728  9795  9792  0  1    9.0  1.10  1.70  1.23 ! b
 9796  9821  9820  0  1    9.0  1.60  1.85  1.58 ! a
 9822  9879  9877  0  1    9.0  1.60  2.25  1.58 ! d
 9880  9918  9917  0  1   8.5  1.40  2.05  1.48 ! c
 9918  9980  9979  0  1   8.5  1.45  1.75  1.58 ! e
 9981 10014 10006  0  1   8.5  1.45  2.25  1.60 ! c
10015 10071 10070  0  1   12.0  1.05  2.55  1.50 ! f
10072 10135 10115  0  1   11.0  1.05  2.55  1.55 ! c
10136 10156 10136 -1  0   11.0  1.05  2.55  1.55 ! no signal runs
#mu7, p5
10157 10200 10174 -1  2    6.3  2.40  2.00  2.02 ! g
10201 10232 10207 -1  2    1.00  1.15  0.50  1.85 ! h
10233 10240 10239 -1  2   2.09  2.35  1.27  2.42
10241 10352 10302 -1  2   2.09  2.35  1.27  2.42 ! a
10353 10365 10353 -1  2   2.09  2.35  1.27  2.42
10366 10427 10424  0  2   4.30  2.35  1.57  2.32 ! e
10428 10469 10465 -1  2   3.30  2.15  1.37  2.00 ! b
10470 10500 10470 -1  2   3.30  2.15  1.37  2.00 ! no e+e-
10501 10616 10613 -1  2   9.10  2.00  2.30  1.25 ! g
10617 10695 10692 -1  2   7.10  2.30  1.60  2.00 ! d
10696 10796 10744 -1  2   6.80  2.10  1.60  1.80 ! b
#mu8, s2
10797 10847 10843 -1  2   6.80  1.85  1.55  1.80 ! b
10848 10878 10876 -1  2   6.80  1.85  1.55  1.80 ! a
10879 10965 10963 -1  2   7.50  2.30  2.40  2.30 ! e
10966 10979 10976 -1  2   7.50  2.30  2.40  2.30 ! -
10980 11013 10986 -1  3   6.80  1.90  2.10  2.10 ! b
11014 11023 11024  0  3   6.80  1.90  2.10  2.10 ! -
11024 11057 11057  0  3   6.80  2.05  2.05  2.10 ! d
11058 11085 11083  0  3   6.20  1.70  2.00  1.60 ! c
11086 11137 11135  0  3   4.50  2.20  1.70  2.05 ! f
11138 11239 11230  0  3   4.80  1.80  1.65  1.90 ! b
# J/psi from 11217
11240 11276 11321  0  1   9.50  1.60  2.01  1.20
11277 11324 11321  0  1   9.50  1.60  2.01  2.01
11325 11378 11376 -1  1   9.50  1.60  2.01  2.01
11379 11413 11407 -1  1   9.50  1.60  2.01  2.01
11414 11436 11430 -1  1   9.50  1.60  2.01  2.01
11437 11474 11473 -1  1   9.50  1.60  2.01  2.01
11475 11507 11506 -1  1   9.50  1.60  2.01  2.01
11508 11514 11508 -1  1   9.50  1.60  2.01  2.01
11515 11545 11543 -1  1   9.50  1.60  2.01  2.01
11546 11585 11583 -1  1   9.50  1.60  2.01  2.01
11585 11613 11609 -1  1   9.50  1.60  2.01  2.01
11614 11677 11615  0  1   9.50  1.60  2.01  2.01
11678 11682 11679 -1  1   9.50  1.60  2.01  2.01
11683 11740 11731 -1  1   9.50  1.60  2.01  2.01
11741 11751 11745 -1  1   9.50  1.60  2.01  2.01
11752 11800 11797 -1  1   9.50  1.60  2.01  2.01
11801 11856 11851 -1  1   9.50  1.60  2.01  2.01
11857 11899 11894 -1  1   9.50  1.60  2.01  2.01
11900 11929 11919 -1  1   9.50  1.60  2.01  2.01
11930 11941 11938 -1  1   9.50  1.60  2.01  2.01
11942 11974 11971 -1  1   9.50  1.60  2.01  2.01
11975 11995 11993 -1  1   9.50  1.60  2.01  2.01
11996 12001 11997 -1  1   9.50  1.60  2.01  2.01
12002 12003 12002 -1  1   9.50  1.60  2.01  2.01
12004 12013 12012 -1  1   9.50  1.60  2.01  2.01
12014 12163 12161  0  0   6.50  1.40  2.01  2.01
12164 12203 12202  0  0   6.50  1.40  2.01  2.01
12204 12241 12227  0  0   6.50  1.40  2.01  2.01
12242 12287 12283  1  2   5.50  1.40  2.01  2.01
12288 12369 12337  0  1   5.50  1.40  2.01  2.01
12370 12396 12371  1  2   5.50  1.40  2.01  2.01
12397 12423 12419  0  1   5.50  1.40  2.01  2.01
12424 12473 12468 -1  1  19.90  0.10  4.21  0.00
12474 12703 12554 -1  1  19.90  0.10  4.21  0.00
12704 12780 12706  0  1   5.50  1.40  2.01  2.01
12781 12789 12785  0  1   5.50  1.40  2.01  2.01
12790 12840 12834  0  1   5.50  1.40  2.01  2.01
12841 13000 12993  0  1   5.50  1.40  2.01  2.01
13001 13209 13198  0  1   5.50  1.40  2.01  2.01
13210 13250 13238  0  1   7.90  1.40  2.01  2.01
13251 13379 13375  0  1   7.90  1.40  2.01  2.01
13380 13589 13473  0  1   7.90  1.40  2.01  2.01
13490 13591 13590  0  1   7.90  1.40  2.01  2.01
13592 13736 13731  0  1   7.90  1.40  2.01  2.01
13737 13938 13851  0  1   7.90  1.40  2.01  2.01
13939 13940 13939  0  1   7.90  1.40  2.01  2.01
13941 13947 13941  0  1   7.90  1.40  2.01  2.01
13948 14065 14027  0  1   7.90  1.40  2.01  2.01
14066 14070 14066  0  1   7.90  1.40  2.01  2.01
14071 14137 14134  0  1   7.90  1.40  2.01  2.01
14138 14203 14200  0  1   7.90  1.40  2.01  2.01
14206 14290 14288  0  1   7.90  1.40  2.01  2.01
14291 14425 14288  0  1   7.90  1.40  2.01  2.01
14426 14790 14427 -1  1    1.2  3.5  0.0   3.0
14791 14816 14800 -1  1    1.2  3.5  0.0   3.0
14817 14882 14878 -1  1    1.2  3.5  0.0   3.0
14883 14982 14978 -1  1    1.2  3.5  0.0   3.0
14893 15068 15066 -1  0    1.2  3.5  0.0   3.0
15069 15145 15144 -1  1    1.2  3.5  0.0   3.0
15146 15227 15165 -1  0    1.2  3.5  0.0   3.0
15228 15264 15262 -1  0    1.2  3.5  0.0   3.0
15265 15292 15265 -1  1    1.2  3.5  0.0   3.0
15293 15350 15349 -1  1    1.2  3.5  0.0   3.0
15351 15374 15372 -1  1    1.2  3.5  0.0   3.0
15375 15434 15431 -1  1    1.2  3.5  0.0   3.0
15435 15515 15512 -1  0    1.2  3.5  0.0   3.0
15516 15595 15565 -1  0    1.2  3.5  0.0   3.0
15596 15639 15636 -1  0    1.2  3.5  0.0   3.0
15640 15734 15699 -1  0    1.2  3.5  0.0   3.0
15735 15771 15770 -1  0    1.2  3.5  0.0   3.0
15772 15830 15788 -1  0    1.2  3.5  0.0   3.0
15831 15912 15910 -1  0    1.2  3.5  0.0   3.0
15913 15952 15945 -1  0    1.2  3.5  0.0   3.0
#mu9, s3
15953 15983 15972 -1  2   1.1   2.7   0.0   2.7 ! b
15984 16000 15989 -1  2   1.50  2.10  1.95  2.13 ! -
16001 16032 16031 -1  2   1.50  2.10  1.95  2.13 ! i
16033 16098 16096 -1  2   4.00  2.20  1.00  2.70 ! f
16099 16125 16125 -1  2   4.20  2.40  1.35  2.70 ! d
16126 16261 16348 -1  3   3.60  2.75  1.30  3.00 ! g
#mu10, s4
16262 16421 16417 -1  3   5.00  1.65  1.05  1.50 ! g
16422 16472 16468 -1  2    4.80  1.65  1.40  2.05 ! d
16473 16584 16568 -1  3    4.80  2.45  1.67  2.75 ! e
16585 16629 16624 -1  2    4.80  1.65  1.40  2.05 ! a
16630 16727 16694 -1  2    3.70  2.25  1.30  2.25 ! d
16728 16773 16769 -1  2    4.30  1.95  1.35  2.05 ! a
16770 16919 16806 -1  2   4.80  2.25  1.65  2.75 ! c
16920 16992 16974 -1  3   4.00  2.25  1.38  2.35 ! d
16993 17324 17251 -1  4   8.00  2.90  2.35  1.90 ! g
# r-scan from 17294
##17253 17324 17318 -1  4   20.50  0.00  3.75  0.10
17325 17390 17385 -1  4   20.50  0.00  3.45  0.10
17391 17414 17413 -1  4   20.50  0.00  3.45  0.10
17415 17450 17416 -1  3   20.50  0.00  3.45  0.10
17451 18129 17451 -1  4   20.50  0.00  3.45  0.10
18130 18200 18184 -1 -1   20.50  0.00  3.45  0.10
18201 18302 18255 -1  0    0.0  0.00   0.0   0.0
18303 18330 18303 -1  0    0.0  0.00   0.0   0.0
18331 18350 18331 -1  0    0.0  0.00   0.0   0.0
18351 18834 18839 -1  0    0.0  0.00   0.0   0.0
18840 18951 18942 -1  0    0.0  0.00   0.0   0.0
18852 19111 18959  0  2    0.0  0.00   0.0   0.0
19112 19180 19128 -1  1    0.0  0.00   0.0   0.0
19181 19192 19188 -1  0    0.0  0.00   0.0   0.0
19193 19200 19193 -1  0    0.0  0.00   0.0   0.0
19201 19433 19429 -1  1    0.0  0.00   0.0   0.0
# signal runs from 19447, J/psi
19434 19551 19536 -1  3   30.0 11.50   5.7   5.2 ! checked
19552 19611 19579 -1  3    8.0  3.20   1.5   1.5 ! checked
19612 19627 19619 -1  2    8.0  3.20   1.5   1.5
19628 19638 19635 -1  2    8.0  3.20   1.5   1.5
19639 19659 19653 -1  2    8.0  3.20   1.5   1.5
19660 19701 19669 -1  2    8.0  3.20   1.5   1.5
# no signal runs up to 20254, 199 cosmic runs
19702 19723 19702 -1  2    8.0  3.20   1.5   1.5
19724 19738 19724 -1  1    8.0  3.20   1.5   1.5
19739 19814 19739 -1  1    8.0  3.20   1.5   1.5
19815 19844 19805 -1  0    8.0  3.20   1.5   1.5
19845 19855 19845 -1  1    8.0  3.20   1.5   1.5
19856 19933 19921 -1  0    8.0  3.20   1.5   1.5
19934 19944 19941 -1  0    8.0  3.20   1.5   1.5
19945 20254 19945 -1  0    8.0  3.20   1.5   1.5
# R-scan
20253 20314 20312 -1  4    5.6  0.70   1.4   0.8 ! checked
#20315 20373 20334 -1  1    3.3  3.70   1.0   2.5
#20315 20373 20334 -1  1    3.3  0.50   1.0   0.5
20315 20373 20334 -1  2    3.3  0.10  1.0   0.1 ! ed, eu
#20315 20373 20334 -1  1    3.3  0.00  1.0   0.0 ! ee, ev
20374 20376 20374 -1  3   12.5  3.50   2.3   1.7 ! checked
20377 20386 20384 -1  3   12 5  3.50   2.3   1.7 ! checked
20387 20468 20407 -1  2   12.5  3.50   2.3   1.7 ! checked
20469 20494 20490 -1  3    8.0  3.20   1.5   1.5 ! checked
20495 20515 20513 -1  3    8.0  3.20   2.1   1.7 ! checjed
20516 20592 20589 -1  2    5.5  3.20   1.5   1.5 ! checked
20593 20640 20632 -1  2    8.0  3.20   2.3   1.5 ! checked
20641 20687 20685 -1  2    8.0  3.20   2.3   1.5 ! checked
20688 20710 20705 -1  2    8.0  3.20   2.3   1.5 ! checked
#
20711 20764 20761 -1  4    8.0  3.20   2.0   1.5 ! checked
20765 20799 20798 -1  2    8.0  3.20   2.0   1.5 ! checked
20800 20858 20850 -1  2    8.0  0.60   2.0   0.7 ! ?
20859 20919 20917 -1  3   10.2  3.00   2.4   1.5 ! checked
20920 20974 20950 -1  2    8.0  3.20   2.0   1.5 ! checked
20975 21066 21051 -1  0    8.0  3.20   2.2   1.5 ! checked
21067 21124 21101 -1  1    8.0  3.20   2.0   1.5 ! checked
21125 21209 21144 -1  1    8.0  3.20   2.0   1.5 ! no signal runs
21210 21500 21210 -1  1    8.0  3.20   2.0   1.5 ! no signal runs
21501 21712 21584 -1  1    8.0  3.20   2.0   1.5 ! no signal runs
#  J/psi peak from 21723
21713 21761 21729 -1  1    5.0  1.00   1.8   1.0 ! new tanya
21762 21773 21766 -1  3    3.9  1.10   1.2   0.8 ! new tanya
21774 21787 21779 -1  1    3.9  1.10   1.2   0.8 !  
21788 21835 21816 -1  3    5.5  1.10   1.3   0.9 ! new tanya
21837 21859 21837 -1  1   12.0  3.20   2.7   1.9 ! new tanya
21860 21891 21866 -1  5   12.0  3.20   2.7   1.9 !
21892 21925 21896 -1  2    8.5  2.80   2.1   1.5 ! tuned
# angular resolution degrade in [21936,21952]
21926 21964 21929 -1  2    7.9  6.20   2.0   3.2 ! for whole intraval
#21926 21964 21929 -1  0    6.0  1.50   1.7   1.6 ! for 21935-21943
21965 21979 21979 -1  1    8.0  3.20   1.7   1.5
21980 22023 21980 -1  1   10.0  3.20   2.5   1.5 ! tanya
22024 22053 22029  1  2   11.7  2.70   2.5   1.2 ! tanya
22054 22091 22054  1  2   11.7  2.70   2.5   1.2 ! ok
22092 22121 22092  1  2   11.0  3.20   2.2   1.6 ! tuned
22122 22155 22122  1  2   25.0  5.80   6.0   2.4 ! tuned
22156 22179 22159  1  2    8.0  1.50   2.0   1.4  ! tumed
22180 22214 22182  1  2    8.0  2.00   2.2   1.5 ! tuned
22215 22247 22218  1  2    8.5  1.40   2.2   0.8 ! tuned
22248 22291 22254  1  2    5.9  3.20   1.25   1.5 ! tuned
22292 22324 22293  1  2    9.7  1.80   2.3   1.3 ! tuned
22325 22330 22325  1  2    8.0  3.20   1.7   1.5 ! no signal runs
22331 22411 22398 -1  1    8.0  3.20   1.7   1.5 ! no signal runs
22412 22455 22417 -1  1    8.0  3.00   1.7   1.4 ! tuned
22456 22482 22458 -1  1    8.1  3.80   2.0   2.3 ! tuned
22483 22513 22484 -1  1    5.8  2.20   1.6   1.2 ! tuned
22514 22539 22516 -1  1    9.5  1.60   1.8   1.4 ! tuned
22540 22615 22543 -1  1    8.0  3.20   1.7   1.5 ! ok
22616 22644 22616 -1  1   18.0  2.50   3.2   2.1 ! tuned
22645 22700 22645 -1  1    4.5  3.20   1.5   1.5 ! tuned
22701 22728 22701 -1  1    8.0  3.20   1.7   1.5 ! ok
22729 22752 22729 -1  1   18.0  3.50   3.5   1.6 ! tuned
22753 22791 22753 -1  1   21.0  3.90   6.0   3.0 ! tuned
22792 22815 22792 -1  1   21.0  3.90   4.0   2.3 ! no signal runs
22816 22835 22816 -1  1   21.0  3.90   4.0   2.3 ! no signal runs
22836 22861 22840 -1  1   25.0  4.00   4.4   2.4 ! tuned
22862 22894 22862 -1  1   25.0  4.00   4.4   2.4 ! ok
22895 22913 22895 -1  1   25.0  4.00   4.4   2.4 ! --
22914 22952 22914 -1  1   25.0  4.00   4.0   2.6 ! tuned
22953 22987 22953 -1  1   25.0  4.00   4.0   2.6 ! tuned
22988 23035 23006 -1  1   25.0  4.00   4.0   2.6 ! tuned 
23036 23071 23036 -1  1   25.0  4.00   4.3   2.6 ! tuned
23072 23100 23072 -1  1   25.0  4.00   4.3   2.6 ! -----
23101 23134 23102 -1  1   28.0  4.50   4.5   2.6 ! tuned
23135 23184 23135 -1  1   28.0  4.50   4.5   2.6 ! no signal runs
23185 23223 23185 -1  1   21.0  4.00   4.0   2.0 ! tuned
# psi(3770)
23224 23255 23224 -1  1   21.0  6.90   4.0   3.0 ! tuned 
23256 23274 23256 -1  1   21.0  6.90   4.0   3.0 ! tuned
23275 23286 23275 -1  1   21.0  6.90   4.0   3.0 ! ----- 
23287 23317 23287 -1  1   14.0  3.00   1.8   1.5 ! tuned    2.5   1.5  +
23318 23369 23318 -1  1   13.0  3.00   2.0   1.3 ! tuned    2.9   1.5  +
23370 23381 23370 -1  1   14.0  3.00   2.5   1.5 ! no sigmal runs
23382 23387 23382 -1  1   14.0  3.00   2.5   1.5 ! no sigmal runs
23388 23402 23388 -1  1   14.0  3.00   2.5   1.5 ! no sigmal runs
23403 23430 23403 -1  1   18.0  3.20   2.8   1.5 ! tuned
23431 23472 23432 -1  1   16.0  2.90   2.2   1.5 ! tuned    2.6   1.5 +
23473 23522 23473 -1  1   29.0  4.30   3.9   2.3 ! tuned
23523 23550 23523 -1  1   10.0  3.20   2.2   0.9 ! tuned    2.2   1.5 + 
23551 23569 23551 -1  1   12.0  3.20   2.3   1.7 ! d,s      2.4   1.7 +-
23570 23597 23570 -1  1   11.0  3.20   2.3   1.5 ! no signal runs
23598 23620 23598 -1  1   11.0  3.20   2.3   1.5 ! no signal runs
23621 23644 23621 -1  1   21.0  4.30   3.7   2.0 ! tuned
23645 23681 23647 -1  1   23.0  4.90   1.6   1.4 ! tuned    3.4   2.2 +
23682 23715 23684 -1  1   11.0  3.20   1.8   1.4 ! update 25.09.2020  2.3  1.6 +-
23716 23742 23718 -1  1   11.0  3.20   1.8   1.6 ! update 25.09.2020  2.3  1.6 +
23743 23798 23743 -1  1   11.0  3.20   2.1   1.6 ! update 25.09.2020  2.3  1.6
23799 23838 23801 -1  1   11.0  3.20   2.1   1.6 ! update 25.09.2020  2.3  1.6
23839 23862 23839 -1  1   11.0  3.20   1.9   1.6 ! update 25.09.2020  2.3  1.6 +
23863 23885 23863 -1  1   11.0  3.20   2.0   1.7 ! update 25.09.2020  2.3  1.6 +
23886 23905 23886 -1  1   11.0  3.20   2.0   1.7 ! update 25.09.2020  2.3  1.6 +
23906 23913 23907 -1  1   11.0  3.20   2.0   1.8 ! update 25.09.2020  2.3  1.6
23914 23943 23914 -1  1   11.0  3.20   2.3   1.6 ! update 25.09.2020
23944 23984 23944 -1  1   11.0  3.20   2.3   1.6 ! no signal runs
23985 23997 23985 -1  1   11.0  3.20   2.3   1.6 ! no signal runs
23998 24035 23998 -1  1   11.0  3.20   2.3   1.6
24036 24064 24038 -1  1   11.0  3.20   2.3   1.6
24065 24093 24075 -1  1   11.0  3.20   2.3   1.6
24094 24105 24094 -1  1   11.0  3.20   2.3   1.6
24106 24146 24115 -1  1   11.0  3.20   2.3   1.6
24147 24600 24150 -1  1   11.0  3.20   2.3   1.6
24601 24620 24601 -1  1   11.0  3.20   2.3   1.6 !new
24621 24647 24621 -1  1   11.0  3.20   2.3   1.6
24648 24675 24648 -1  1   11.0  3.20   2.3   1.6
24676 24712 24676 -1  1   11.0  3.20   2.3   1.6
24713 24748 24713 -1  1   11.0  3.20   2.3   1.6 !
24749 24757 24749 -1  1   11.0  3.20   2.3   1.6 !
24758 24789 24758 -1  1   11.0  3.20   2.3   1.6 !
24790 24845 24802 -1  1   11.0  3.20   2.3   1.6
24846 24875 24847 -1  1   11.0  3.20   2.3   1.6
24876 24916 24879 -1  1   11.0  3.20   2.3   1.6
24917 24950 24917 -1  1   11.0  3.20   2.3   1.6
24951 24971 24951 -1  1   11.0  3.20   2.3   1.6 !
24972 25015 24972 -1  1   11.0  3.20   2.3   1.6
25016 25044 25021 -1  1   11.0  3.20   2.3   1.6
25045 25090 25045 -1  1   11.0  3.20   2.3   1.6
25091 25114 25091 -1  1   11.0  3.20   2.3   1.6
25115 25157 25117 -1  1   11.0  3.20   2.3   1.6
25158 25185 25161 -1  1   11.0  3.20   2.3   1.6
25186 25241 25187 -1  1   11.0  3.20   2.3   1.6
25242 25305 25245 -1  1   11.0  3.20   2.3   1.6
25306 25341 25319 -1  1   11.0  3.20   2.3   1.6 !new
25342 25351 25342 -1  1   11.0  3.20   2.3   1.6
25352 25395 25352 -1  1   11.0  3.20   2.3   1.6
25396 25416 25396 -1  1   11.0  3.20   2.3   1.6
25417 25438 25418 -1  1   11.0  3.20   2.3   1.6
25439 25508 25439 -1  1   11.0  3.20   2.3   1.6
25509 25526 25509 -1  1   11.0  3.20   2.3   1.6
25527 25558 25527 -1  1   11.0  3.20   2.3   1.6
25559 25574 25559 -1  1   11.0  3.20   2.3   1.6
25575 25608 25584 -1  1   11.0  3.20   2.3   1.6
25609 25640 25609 -1  1   11.0  3.20   2.3   1.6
25641 25663 25641 -1  1   11.0  3.20   2.3   1.6
25664 25719 25664 -1  1   11.0  3.20   2.3   1.6
25720 25752 25720 -1  1   11.0  3.20   2.3   1.6
25753 25821 25756 -1  1   11.0  3.20   2.3   1.6 
25822 25867 25822 -1  1   11.0  3.20   2.3   1.6
25868 26023 25871 -1  1   11.0  3.20   2.3   1.6
26024 26050 26024 -1  1   11.0  3.20   2.3   1.6
26051 26079 26051 -1  1   11.0  3.20   2.3   1.6
26080 26102 26087 -1  1   11.0  3.20   2.3   1.6
26103 26134 26103 -1  1   11.0  3.20   2.3   1.6
26135 26199 26135 -1  1   11.0  3.20   2.3   1.6
26200 26248 26200 -1  1   11.0  3.20   2.3   1.6
26249 26265 26249 -1  1   11.0  3.20   2.3   1.6
26266 26291 26266 -1  1   11.0  3.20   2.3   1.6
26292 26317 26292 -1  1   11.0  3.20   2.3   1.6
26318 26334 26318 -1  1   11.0  3.20   2.3   1.6 ! ok
26335 26381 26337 -1  1   11.0  3.20   2.3   1.6 !ok
26382 26419 26382 -1  1   11.0  3.20   2.3   1.6
26420 26444 26420 -1  1   11.0  3.20   2.3   1.6
26445 26509 26445 -1  1   11.0  3.20   2.3   1.6 !ok
26510 26566 26510 -1  1   11.0  3.20   2.3   1.6
26567 26646 26567 -1  1   11.0  3.20   2.3   1.6
26647 26680 26647 -1  1   11.0  3.20   2.3   1.6
26681 26729 26681 -1  1   11.0  3.20   2.3   1.6
26730 26780 26734 -1  1   11.0  3.20   2.3   1.6 !ok
26781 26852 26781 -1  1   11.0  3.20   2.3   1.6
26853 26930 26853 -1  1   11.0  3.20   2.3   1.6
26931 27013 26931 -1  1   11.0  3.20   2.3   1.6
27014 27081 27015 -1  1   11.0  3.20   2.3   1.6
27082 27109 27082 -1  1   11.0  3.20   2.3   1.6
27110 27165 27110 -1  1   11.0  3.20   2.3   1.6 !ok
27166 27215 27166 -1  1   11.0  3.20   2.3   1.6 !ok
27216 27284 27216 -1  1   11.0  3.20   2.3   1.6 !
27285 27357 27285 -1  1   11.0  3.20   2.3   1.6 !
27358 27388 27358 -1  1   11.0  3.20   2.3   1.6 !
27389 27427 27389 -1  1   11.0  3.20   2.3   1.6 !
27428 27471 27428 -1  1   11.0  3.20   2.3   1.6 !
27472 27541 27472 -1  1   11.0  3.20   2.3   1.6 !
27542 27613 27542 -1  1   11.0  3.20   2.3   1.6 !
27614 27679 27614 -1  1   11.0  3.20   2.3   1.6 !
27680 27752 27686 -1  1   11.0  3.20   2.3   1.6 !
27753 27802 27753 -1  1   11.0  3.20   2.3   1.6 !
27803 27815 27803 -1  1   11.0  3.20   2.3   1.6 !
27816 27854 27816 -1  1   11.0  3.20   2.3   1.6 !
27855 27881 27855 -1  1   11.0  3.20   2.3   1.6 !
27882 28058 27922 -1  1   11.0  3.20   2.3   1.6 !
28059 28109 28059 -1  1   11.0  3.20   2.3   1.6 !
28110 28158 28110 -1  1   11.0  3.20   2.3   1.6 !
28159 28187 28159 -1  1   11.0  3.20   2.3   1.6 !
28188 28226 28188 -1  1   11.0  3.20   2.3   1.6 !
28227 28288 28229 -1  1   11.0  3.20   2.3   1.6 !
28289 28307 28289 -1  1   11.0  3.20   2.3   1.6 !
28308 28326 28308 -1  1   11.0  3.20   2.3   1.6 !
28327 28388 28330 -1  1   11.0  3.20   2.3   1.6 ! ok 
28389 28428 28394 -1  1   11.0  3.20   2.3   1.6 !
28429 28512 28429 -1  1   11.0  3.20   2.3   1.6 !
28513 28542 28513 -1  1   11.0  3.20   2.3   1.6 !
28543 28610 28543 -1  1   11.0  3.20   2.3   1.6 !
28611 28644 28612 -1  1   11.0  3.20   2.3   1.6 !
28645 28676 28645 -1  1   11.0  3.20   2.3   1.6 !
28677 28703 28677 -1  1   11.0  3.20   2.3   1.6 !
28704 29122 28704 -1  1   11.0  3.20   2.3   1.6 !
28704 28777 28738 -1  1   11.0  3.20   2.3   1.6 !
28778 28898 28778 -1  1   11.0  3.20   2.3   1.6 !
28899 28959 28903 -1  1   11.0  3.20   2.3   1.6 !
28960 29017 28961 -1  1   11.0  3.20   2.3   1.6 !
29018 29122 29018 -1  1   11.0  3.20   2.3   1.6 !
29123 29144 29123 -1  1   11.0  3.20   2.3   1.6 !
29145 29174 29145 -1  1   11.0  3.20   2.3   1.6 !
29175 29217 29175 -1  1   11.0  3.20   2.3   1.6 !
29217 29242 29231 -1  1   11.0  3.20   2.3   1.6 !
29243 29319 29243 -1  1   11.0  3.20   2.3   1.6 !
29320 29339 29320 -1  1   11.0  3.20   2.3   1.6 !
29340 29370 29340 -1  1   11.0  3.20   2.3   1.6 !
29371 29393 29371 -1  1   11.0  3.20   2.3   1.6 !
29394 29415 29394 -1  1   11.0  3.20   2.3   1.6 !
29416 29489 29478 -1  1   11.0  3.20   2.3   1.6 !
29490 29500 29491 -1  1   11.0  3.20   2.3   1.6 !
29501 29604 29513 -1  1   11.0  3.20   2.3   1.6 !
29605 29730 29685 -1  1   11.0  3.20   2.3   1.6 !
29731 29759 29731 -1  1   11.0  3.20   2.3   1.6 !
29760 29801 29763 -1  1   11.0  3.20   2.3   1.6 !
29802 29837 29802 -1  1   11.0  3.20   2.3   1.6 !
29838 29943 29838 -1  1   11.0  3.20   2.3   1.6 !
29944 50000 29947 -1  1   11.0  3.20   2.3   1.6 !
