0 1870.029674 0.026144
1 -0.355056 0.140732
2 -0.001157 0.000278
3 4.055726 0.020223
4 3.680312 0.022452
5 46.897507 0.121860
6 1888.750000 0.000000
7 0.188123 0.000000
8 4.389010 0.000000
9 300.536036 5.886699
10 4.426497 0.140998
11 102.942634 1.499617
12 131.809756 0.936271
13 -0.052135 0.002247
14 4.704761 0.000000
15 9.017986 0.000000
16 86.325991 1.107103
17 -1.243234 3.853690
18 1888.750000 0.000000
19 -1.363022 0.000000
20 -220.073146 5.011556
21 250.321696 2.548707
22 -3178.512513 125.263737
23 3978.835184 57.207812
24 928.172763 19.435947
25 1609.991335 0.000000
26 -2038.378560 0.000000
27 -179.927654 0.000000
28 0.000000 0.000000
29 2273.107959 0.000000
