1877.35	71.545	-70.9426
1835.41	-262.347	-32.8422
1859.64	-219.406	281.949
1800.18	283.212	-374.532
1780.02	23.6987	-298.194
1864.44	-78.641	-216.959
1720.54	36.0125	533.069
1862.79	-233.268	207.11
1728.68	-205.027	-284.893
1864.36	-13.9935	-31.4909
1785.4	-219.099	601.941
1801.78	-229.106	-559.932
1856.31	286.591	-221.315
1809.8	-29.8018	-535.165
1757.91	-61.1268	-0.729758
1835.99	-229.161	345.028
1835.61	-167.702	215.182
1870.84	-162.769	105.316
1777.45	-233.702	-376.056
1734.95	-286.173	115.845
1795.9	-210.004	204.161
1882.31	-233.093	74.0891
1818.97	0.367914	340.791
1833.6	-213.211	355.737
1720.93	75.3164	-118.363
1865.3	-161.38	80.993
1814.8	-130.634	-407.332
1862.17	-245.022	-67.0552
1853.5	-107.718	276.184
1863.95	25.068	-138.827
1851.06	-184.736	331.69
1865.28	30.0032	274.443
1827.32	-176.114	117.311
1718.63	-169.418	-720.12
1881.05	117.792	88.8669
1874.08	10.6698	140.154
1795.82	-234.345	-525.656
1825.73	31.7465	472.488
1811.96	-136.99	-183.005
1866.51	-242.678	32.3375
1800.7	-143.118	-55.8639
1877.12	237.335	153.562
1845.12	-165.052	228.105
1747.14	-169.542	686.37
1814.03	-215.433	342.674
1767.41	-202.369	-292.59
1771.98	-89.6378	374.841
1861.63	187.804	8.68859
1869.28	-176.653	83.9562
1797.34	-155.147	400.474
1864.38	-6.17232	-59.5766
1746.3	10.8958	-246.148
1709.08	-39.2913	-347.805
1866.89	-25.9756	66.8587
1858.86	-210.545	-223.232
1868.28	-64.2219	-28.3208
1810.18	-83.5833	229.336
1732.5	-69.0238	385.415
1703.05	-168.581	413.078
1729.79	-146.96	418.784
1792.68	-244.224	585.265
1862.83	8.83746	299.528
1744.72	-71.3794	95.0994
1869.51	-62.97	-242.66
1830.14	-237.225	29.5086
1875.05	60.4034	-212.692
1870.67	177.484	103.048
1865.88	11.4031	220.802
1726.76	-94.123	435.733
1754.01	-266.476	-639.194
1753.44	185.066	3.11645
1727.15	-274.578	-755.658
1864.34	-66.8489	-106.868
1845.85	-182.57	141.63
1785.09	226.638	34.646
1772.44	-52.9533	555.618
1880.75	-297.939	-26.2648
1881.16	-173.391	-138.961
1847.82	-209.694	377.594
1867.09	48.7734	-236.082
1885.83	73.7157	-56.3439
1772.92	-206.859	-178.869
1841.28	-264.403	-155.048
1791.2	87.0333	-55.4504
1729.57	-268.905	290.491
1786.67	14.1109	-596.575
1774.38	245.79	-228.672
1742.44	33.8849	637.9
1703.81	-212.422	-743.399
1846.11	-52.8804	-316.783
1849.64	121.065	240.984
1822.03	-199.706	467.756
1771.54	-153.065	240.866
1804.47	176.747	208.349
1729.68	-24.2845	625.434
1870.77	-240.502	-225.924
1857.07	-179.783	162.645
1801.71	-213.241	291.8
1747.38	-159.782	265.355
1791.47	174.535	248.991
1835.41	-152.819	231.522
1743.25	-254.56	-278.182
1850.17	-105.044	247.182
1868.33	-68.0567	-42.5039
1722.89	-222.977	-433.991
1810.81	-264.905	403.944
1850.04	174.273	328.074
1759.13	-272.451	-373.691
1800.32	64.5778	371.132
1840.4	-297.884	276.086
1833.14	-265.735	213.559
1720.26	-206.762	24.4815
1772.51	184.733	13.0119
1812.84	204.557	-475.312
1837.7	288.925	-360.899
1771.67	-226.43	136.478
1780.48	-254.293	-581.276
1760.25	-252.351	-606.738
1865.75	-80.8597	-77.9653
1844.14	111.294	342.565
1731.48	29.4206	330.96
1875.42	-11.7881	45.4413
1716.26	-281.52	745.408
1780.71	-276.324	198.437
1826.23	-154.725	426.892
1726.94	-139.082	-623.197
1755.6	130.914	-584.015
1884.11	20.987	-95.68
1742.33	-172.48	682.748
1855.95	-151.013	-234.293
1732.7	-291.18	290.224
1787.3	-249.714	-403.916
1881.47	-283.788	-65.5254
1768.56	115.546	628.05
1860.43	146.946	86.0323
1702.54	9.84413	764.469
1870.44	-93.8818	53.1098
1733.75	-224.154	174.067
1805.49	-282.813	-192.38
1785.26	-168.082	249.144
1860.89	7.52733	-232.386
1733.28	-13.8783	-420.547
1881.86	-250.932	-30.5275
1786.6	-105.421	100.36
1792.31	102.58	459.132
1756.03	111.332	299.445
1702.15	-266.338	803.214
1827.71	-280.13	-417.577
1815.07	1.88762	504.259
1744.83	-220.936	-98.1341
1795.1	46.3307	437.182
1866.63	-60.5712	-78.8985
1835.49	-292.158	412.113
1866.46	-232.007	-191.442
1810.2	-241.263	-424.466
1866.76	247.976	-38.4451
1792.43	-59.3379	439.672
1878.15	-26.075	116.92
1869.18	26.7528	18.8677
1725.52	-234.943	-678.36
1855.15	-11.7411	267.505
1824.95	73.4063	-394.21
1873.92	-233.043	128.498
1885.14	-216.172	-18.3521
1859.44	-4.1614	-253.364
1703.45	-30.8883	-131.091
1859.55	25.2985	186.563
1744.74	-150.436	-519.266
1862.4	175.728	78.7061
1869.6	-189.083	-97.3125
1865.33	50.2738	-81.137
1786.08	-292.111	382.258
1859.13	-12.694	285.064
1752.71	-9.17076	-32.9963
1759.32	137.614	-301.634
1823.9	-167.903	-375.038
1829.83	73.8613	-343.947
1705.64	-165.028	-354.242
1731.34	-223.719	-714.892
1863.69	-277.528	26.1833
1781.79	264.881	-571.219
1755.9	-257.516	267.72
1812.74	-22.4957	-158.501
1885.37	193.88	-70.9156
1767.76	-249.372	592.375
1856.01	-282.514	288.62
1860.77	174.729	-154.361
1845.19	-86.4594	350.471
1864.76	4.36814	52.3654
1883.06	-287.873	-112.09
1826.93	-37.1011	-3.1772
1807.87	-228.98	208.925
1800.09	70.2208	546.87
1756.03	81.743	-24.5654
1778.51	-166.11	-596.47
1873.76	-120.366	-69.9146
1716.88	-141.004	-312.765
1850.72	-295.252	-200.801
1812.44	-219.517	-472.497
1770.95	-263.648	-516.119
1817.4	-195.964	183.149
1852.6	-291.543	52.2351
1867.65	-68.2118	63.7986
1749.23	264.372	239.83
1784.99	-214.764	-0.168491
1833.66	-140.846	-370.23
1758.31	39.3601	-122.151
1828.98	238.773	-324.007
1835	-277.938	-359.463
1750.32	-182.937	473.941
1755.86	-238.117	-636.859
1709.81	-252.643	-427.415
1851.25	-23.733	-223.072
1720.23	51.5714	-347.903
1710.7	-239.88	-606.862
1837.69	-181.101	-46.8848
1787.14	-231.66	-318.01
1864.09	17.2632	-13.4296
1751.01	-56.178	-532.063
1787.91	-290.298	445.254
1855.56	96.6523	-257.632
1823.37	74.7455	-434.409
1850.76	210.938	238.953
1831.77	126.183	-288.061
1841.8	-204.499	-341.964
1746.33	-95.2628	-655.013
1794.57	-281.234	-386.047
1701.52	-177.787	753.685
1764.52	-287.898	609.687
1716.76	107.332	-587.754
1753.05	-62.1012	-89.2198
1739.76	60.9866	620.745
1792.62	-292.658	-522.59
1880.06	142.929	-51.0848
1848.66	-144.188	348.496
1857.17	63.0544	214.851
1740.77	278.475	38.9269
1858.82	17.7736	-298.359
1836.31	-193.115	-372.892
1866.6	34.6498	-195.628
1769.12	-32.3573	-312.889
1798.18	-135.785	-382.827
1732.32	-93.9841	-716.822
1721.06	20.9703	75.2924
1842.06	-29.9231	404.466
1700.3	-267.311	546.654
1847.37	-86.5756	162.62
1836.82	-253.41	-198.553
1762.13	52.505	-591.331
1854.19	47.014	232.136
1845.78	-232.257	124.62
1795.95	-192.056	392.064
1733.65	-118.269	409.531
1853.07	-295.653	290.195
1846.88	-165.174	-197.892
1744.78	-238.483	424.343
1821.28	-258.994	427.402
1883.11	-111.648	25.9092
1714.66	-203.637	16.292
1734.83	-77.3818	407.62
1745.03	-273.64	457.51
1787.74	-257.057	496.483
1876.53	125.762	29.6788
1805.66	-279.425	15.6017
1814.47	-220.637	-408.334
1850.64	-189.592	125.822
1870.82	-132.059	24.1773
1786.26	164.464	-190.374
1730.19	-83.4432	511.997
1817.95	-291.309	-479.306
1806.95	-146.094	503.792
1863.42	-85.5167	163.045
1788.15	121.159	452.049
1788.95	277.788	437.957
1733.33	35.1618	559.535
1822.32	77.7524	-106.496
1803.15	-106.121	-426.554
1777.83	204.843	-119.182
1777.95	30.658	-554.591
1873.19	-15.1737	-109.12
1777.69	66.0035	601.535
1851.1	284.119	261.396
1773.26	292.51	-290.952
1800.65	75.5305	-359.801
1824.87	287.411	218.664
1721.12	-159.471	-737.905
1709.09	-120.375	724.378
1878.49	116.156	44.0638
1852.47	86.7789	-60.516
1726.75	174.006	521.878
1774.05	269.135	-321.79
1714.5	-77.5537	773.445
1844.14	-84.2358	52.9888
1847.22	-245.309	17.2739
1849	-231.069	-140.27
1812.3	-43.9319	11.3558
1841.91	-60.685	-371.164
1850.6	-261.278	190.744
1838.85	-25.1672	-382.438
1775.55	-82.5456	-335.989
1879.44	124.382	-7.98767
1858.58	-291.675	-22.1668
1731.7	50.0916	82.5431
1861.41	-268.847	91.752
1828.41	43.2024	-406.096
1820.51	-144.49	394.132
1797.66	-193.184	-342.539
1775.01	-28.5627	-268.25
1826.78	88.2772	360.253
1809.76	245.994	528.857
1858.12	66.1593	247.75
1810.47	125.098	278.369
1845.79	-34.0422	390.154
1799.53	233.003	-351.941
1867.9	266.731	-269.34
1862.34	35.1182	-202.28
1801.74	127.819	-2.48631
1854.58	-297.793	-168.392
1862.56	-51.7247	-167.044
1824.47	-274.756	-312.369
1822.14	-19.3982	-337.192
1854.78	-92.774	-191.083
1781.12	88.1619	389.529
1859.16	-294.832	-237.522
1789.9	-184.191	-548.885
1848.49	-153.465	338.512
1786.89	-198.173	-247.119
1700.29	75.064	569.158
1790.57	-291.346	586.874
1827.79	15.1251	-81.9706
1830.21	-189.266	-451.321
1861.64	-48.4961	52.0459
1823.32	13.2164	-360.069
1702.68	-182.399	-752.812
1843.13	-268.896	-286.828
1767.49	71.7439	-622.441
1847.01	-271.269	95.8217
1838.06	34.0278	-134.026
1828.62	-47.3871	345.252
1860.58	-286.885	106.093
1806.74	186.167	93.9636
1837.14	-208.036	-354.48
1850.19	-217.154	226.24
1822.33	-256.342	-321.365
1796.24	-187.593	-499.405
1842.51	-270.839	-359.12
1781.49	-250.506	137.444
1758.08	-263.368	207.146
1817.74	-281.892	423.73
1749.28	210.509	221.064
1803.24	-215.639	-318.354
1806.8	-194.694	-347.343
1780.48	-267.919	-461.546
1874.89	-17.3915	-60.2229
1856.04	-171.65	157.017
1863.07	93.6914	244.662
1771.66	-262.864	549.052
1755.81	-163.755	-595.858
1740.76	-51.2234	715.432
1862.81	-77.4342	-213.58
1858.64	27.5036	311.052
1856.08	-223.934	-259.954
1886	-231.713	54.5465
1856.53	-254.664	299.641
1750.12	102.571	-545.202
1775.84	-266.175	-364.619
1804.11	-235.696	-68.9977
1861.95	-124.113	-299.866
1766.17	289.116	-316.376
1746.17	194.469	259.305
1795.35	-64.939	-518.75
1879.11	-172.21	-128.186
1784.34	-255.191	-141.569
1856.91	153.121	-250.286
1782.8	-182.866	208.545
1853.7	-231.039	230.667
1858.1	-297.398	257.894
1867.3	188.711	-177.018
1836.88	-14.683	-2.88099
1791.49	-221.913	-129.132
1791.27	-281.035	549.663
1863.14	-187.717	112.031
1762.78	-149.669	672.6
1885.47	208.835	-61.017
1881.02	-33.087	-141.439
1816.1	41.3404	-15.9142
1845.32	-23.696	-125.566
1842.48	270.896	43.7644
1781.51	7.59922	-44.3488
1808.03	-285.385	268.731
1823.28	4.04862	-207.865
1855.12	-190.322	223.919
1828.52	-247.727	-256.393
1712.02	159.365	590.712
1872.34	-52.7904	168.919
1866.04	-245.288	122.019
1819.08	-202.07	-335.614
1873.27	-33.5278	-49.9934
1872.56	-294.519	138.3
1775.98	147.64	106.853
1875	-83.2348	116.249
1786.91	99.5219	251.127
1785.61	254.237	-553.36
1872.82	-220.739	-204.029
1702.68	26.4595	491.873
1803.08	-9.412	401.338
1815.18	-30.5598	-102.701
1811.39	-136.884	-287.836
1869.58	6.74398	13.0793
1839.08	-118.47	-80.0138
1814.26	-258.542	48.7258
1791.58	-65.293	564.332
1843.79	-250.792	8.79021
1853.44	-232.783	-147.271
1802.71	99.8035	258.038
1764.52	-44.9551	664.406
1754.34	-255.159	-612.181
1842.21	-169.561	-388.76
1850.15	-5.02714	-35.5523
1840.06	-255.69	21.8282
1712.07	53.165	315.531
1850.3	-141.516	-226.359
1791.28	-171.171	-269.278
1711.05	-5.56568	-740.268
1834.09	-69.0918	-444.141
1857.38	-79.7932	-14.2788
1830.6	285.124	452.551
1873.76	17.1604	187.495
1779.79	-295.081	-331.669
1806.53	-91.8266	89.5992
1881.08	-25.5176	-13.38
1885.06	-55.4813	74.7748
1846.31	-266.001	-376.065
1759.79	-241.462	663.238
1713.5	26.9165	662.067
1749.68	-289.278	361.727
1722.41	264.517	127.909
1840.63	129.161	-307.575
1816.59	10.0897	-277.863
1750.94	-163.919	-351.708
1725.05	-149.089	704.474
1839.78	70.1533	407.438
1792.69	10.3938	457.107
1827.63	-101.122	76.9118
1867.71	-87.6508	13.8418
1761.17	-194.435	454.951
1745.84	-296.509	-296.344
1832.89	-295.202	-295.184
1803.67	-169.471	522.742
1858.68	100.082	-323.589
1800.45	33.5364	-528.478
1806.35	-270.528	227.19
1844.31	174.36	22.8856
1735.91	146.914	-502.15
1701.6	223.213	505.726
1788.67	-76.0173	-504.938
1879.94	-29.4505	-46.9838
1738.52	78.9775	-695.715
1862.88	-172.811	52.0886
1794.72	-41.5389	-64.0507
1836.33	-79.7733	-288.079
1742.73	-35.623	80.7369
1765.05	-229.354	-273.575
1817.55	-190.149	-345.767
1717.1	173.745	-484.694
1701.71	62.0506	-601.7
1847.45	-154.659	215.042
1743.23	-55.3234	339.647
1870.25	-286.334	128.918
1803.43	-21.3763	284.604
1767.98	-226.576	426.637
1725.42	-231.499	8.52438
1777.91	175.236	-558.742
1757.72	-98.353	-450.091
1885.46	-126.701	-53.7357
1712.52	-248.234	-567.951
1765.12	-176.456	-310.911
1849.03	257.829	-312.1
1752.92	-299.604	-670.729
1820.65	195.982	381.786
1783.04	-104.894	-593.904
1853.72	158.584	-303.742
1767.22	97.3081	-626.798
1843.81	152.019	99.9278
1863.84	-79.6106	-24.5698
1846.65	-194.396	21.9428
1869.71	74.7852	-164.451
1745.9	-157.961	-162.07
1839.28	-187.923	-146.256
1861.82	-4.78048	202.264
1737.59	-223.23	62.326
1798.56	-236.265	-76.3007
1715.75	-288.007	-668.973
1747.94	-254.865	-386.299
1704.78	-149.833	-188.22
1792.67	113.408	334.524
1783.76	-11.4173	-460.828
1847.12	44.4291	-357.938
1817.07	-37.6725	-25.0912
1754.4	150.316	-126.941
1795.05	100.047	-41.0356
1835.99	-122.611	430.955
1865.24	57.6199	-141.941
1737.82	-106.9	-60.7158
1781.21	-77.7813	90.6132
1865.71	-83.6631	257.862
1706.44	-281.259	720.147
1769.65	-111.42	-600.63
1733.92	-156.453	491.646
1816.87	-62.832	499.821
1765.23	19.1948	347.29
1882.11	-238.764	68.6815
1774.72	251.32	-631.035
1813.44	41.0137	152.631
1865.86	-200.779	169.428
1783.51	-142.009	552.792
1864.28	-274.372	-195.218
1859.13	-129.53	-259.299
1797.41	-137.049	-70.4924
1829.5	255.682	442.926
1868.75	49.2491	-99.2744
1814.31	67.736	-45.0502
1859.05	-30.786	249.8
1833.51	-242.499	-239.265
1874.52	-193.081	139.948
1784.96	-206.326	362.323
1864.89	1.6546	-169.273
1884.99	-228.808	-39.461
1784.77	25.1521	228.632
1796.97	-193.54	531.862
1866.61	84.3222	26.665
1824.01	-241.083	-314.365
1733.13	68.56	-661.584
1857.72	-21.7792	174.357
1722.92	-143.997	-242.08
1806.09	-239.276	221.524
1845.51	184.18	-311.724
1793.66	-115.215	-426.305
1790.99	-263.141	-156.287
1747.7	25.2277	625.541
1863.47	-224.418	-76.088
1851.32	-176.825	-323.903
1750.44	-249.191	588.937
1749.98	-298.649	650.111
1784.62	-289.303	562.603
1784.96	-235.942	-544.573
1881.05	-2.91027	132.582
1770.72	-245.145	-196.842
1838.5	-288.296	358.886
1858.25	-17.7997	162.671
1761.6	-202.59	408.162
1845.08	-227.135	287.58
1760.57	-228.775	-236.806
1788.78	-12.4261	-308.759
1836.72	242.105	-204.515
1815.42	3.3323	324.03
1788.82	235.993	-428.804
1775.39	-230.605	598.943
1879.84	-221.47	116.632
1822.59	-235.117	-92.7899
1705.44	-146.395	-672.503
1812.52	238.833	-458.31
1816.89	-237.719	-489.185
1856.7	85.6779	297.635
1865.2	-218.793	212.205
1845.22	-204.185	319.434
1771.41	-108.297	408.643
1855.79	89.5588	47.1294
1871.25	-254.384	63.4225
1881.71	-235.423	144.917
1759.2	-262.075	-466.211
1785.87	23.1899	337.081
1700.06	-281.6	-425.646
1846.34	-27.4154	286.298
1799.69	-57.134	453.503
1833.24	-213.033	154.251
1780.13	-148.272	-346.124
1851.13	-217.354	303.34
1847.23	-206.754	126.188
1850.85	-278.451	-91.7297
1842.57	-191.945	183.096
1858.91	-24.6785	110.861
1870.1	-243.398	196.116
1825.94	-71.0421	41.3319
1806.04	-88.6411	421.207
1870.9	48.1473	-184.913
1863.95	-155.287	-10.3962
1829.52	27.5374	371.16
1836.12	-14.4786	-254.907
1862.08	-56.7843	-48.0473
1816.87	-188.667	349.286
1885.4	-13.5428	27.5892
1831.45	-275.142	431.688
1828.95	200.581	141.048
1863.72	-180.863	-242.819
1720.02	-230.738	135.117
1866.48	-296.363	178.805
1797.89	-269.334	253.146
1770.87	-235.108	-650.743
1854.98	-102.43	-254.101
1792.62	32.7502	-309.4
1854.55	-29.543	-310.323
1702.19	-199.032	-173.404
1726.76	-269.033	-232.809
1799.17	-248.735	278.067
1744.2	-90.0029	193.407
1840.56	186.175	-332.421
1763.47	-239.728	170.043
1882.12	-205.396	-47.1731
1814.82	66.308	477.154
1855.75	62.3195	-34.9854
1863.14	-10.4373	-222.562
1844.53	-281.293	342.282
1871.99	125.028	-100.332
1782.69	254.355	-596.404
1779.03	-291.714	404.734
1799.01	-284.24	-411.51
1865.35	-195.485	-270.318
1858.99	-83.7586	140.751
1767.04	-208.378	135.219
1811.32	207.246	-348.31
1798.51	-198.909	-83.3308
1865.93	21.6857	213.429
1726.72	241.823	364.838
1857.58	-133.685	-95.9687
1845.41	-45.4412	337.658
1840.97	230.677	-228.907
1801.59	52.0271	521.565
1733.35	-245.797	-567.483
1741.64	165.792	-377.115
1865.49	225.941	280.04
1850.56	-110.445	344.98
1835.05	-257.286	62.1306
1856.1	-83.5649	132.106
1877.12	-75.5148	97.659
1871.49	65.3336	-56.0407
1857.32	-124.933	-235.377
1852.8	-8.62866	327.328
1868.25	-98.6918	-100.092
1823.05	130.451	132.1
1814.94	-57.405	467.814
1857.98	-183.549	218.071
1794.72	-276.195	-213.678
1826.13	-59.8949	386.113
1869.26	42.1533	-69.5838
1754.65	-256.13	653.829
1738.45	-17.3564	674.365
1743.86	-41.1302	-716.187
1820.04	69.9431	-254.681
1875.35	-97.0688	73.8134
1798.35	87.3702	-164.041
1866.82	-24.5605	-56.645
1772.97	-131.706	-21.6979
1869.86	-12.5244	-228.882
1869.55	-160.095	-141.1
1862.45	-243.154	291.059
1703.97	-270.646	-781.371
1738.77	-60.4199	-599.28
1786.04	-14.4814	-206.24
1757.58	260.069	-4.95824
1733.26	-214.557	-510.002
1859.12	-294.995	131.272
1838.94	-195.403	-398.88
1863.54	-223.988	87.3675
1764.31	-150.942	231.097
1745.31	-276.295	-581.768
1740.6	-157.551	-688.003
1754.57	6.82205	-362.65
1859.87	-2.6824	-191.4
1741.79	-281.893	-687.986
1743.03	-253.815	705.427
1792.04	-128.191	-583.823
1705.54	-115.035	-188.521
1861.49	-197.985	106.52
1764.48	-74.2057	-650.397
1740.65	-0.0125056	688.531
1760.56	-202.757	-47.901
1721.29	-88.0989	647.325
1874.96	-188.852	-150.489
1789.77	-43.4902	596.373
1777.54	-49.0153	602.389
1805.41	-239.925	-320.63
1742.31	-88.31	291.174
1833.34	-264.951	-58.5178
1877.08	256.156	36.3671
1734.31	-267.678	-586.334
1855.52	-279.869	134.089
1723.75	-91.9308	-701.501
1764.12	-288.689	438.15
1843.76	138.383	-256.442
1860.1	267.826	-148.451
1818.54	-98.8952	-382.883
1795.98	-258.139	-128.326
1882.03	155.893	88.8446
1833.49	-11.0641	261.07
1714.42	-54.5824	776.686
1878.26	53.1692	146.178
1789.59	148.408	400.899
1762.95	-19.0038	-74.5107
1877.99	133.917	-171.915
1803.24	231.984	343.627
1748.46	4.05856	349.832
1840.37	69.1052	392.795
1823.61	-224.85	374.387
1856.51	-276.666	283.854
1850.27	156.35	-68.3689
1779.14	-192.698	47.82
1715.67	143.516	669.989
1817.07	-142.176	-344.279
1756.9	100.495	-21.3629
1802.57	-58.5358	65.3609
1864.72	206.602	255.592
1828.4	296.81	-447.594
1848.47	63.1399	340.923
1742.11	-164.492	309.547
1777.9	-238.176	606.523
1864.15	40.0514	-88.3343
1869.02	44.7242	50.7267
1873.66	-20.613	-111.499
1852.89	174.528	-157.377
1843.95	-221.095	-90.1616
1859.37	-149.141	-299.765
1842.58	-117.356	-395.134
1719.96	-92.2602	-143.054
1725.89	-256.131	-451.851
1826.77	-245.008	-386.932
1775.55	74.1836	273.534
1789.85	-224.53	591.858
1874.99	-220.755	-99.971
1847.82	-247.252	-8.8249
1826.4	-229.145	-460.309
1833.38	-233.63	321.659
1716.3	-280.032	335.017
1748.93	-86.7522	340.052
1830.22	-284.742	-185.248
1805.81	-249.094	516.451
1830.87	-56.2123	40.7535
1856.98	-253.467	-318.938
1805.53	185.399	45.4581
1867.76	215.486	-4.03077
1816.4	-115.317	-501.547
1818.98	124.573	-349.353
1853.11	43.1019	259.156
1864.46	-89.9148	-13.4453
1798.35	-257.738	97.3895
1822.81	-35.5168	-94.7178
1856.05	-36.0712	295.539
1866.78	-1.96547	-242.935
1726.79	92.4009	612.676
1760.11	-191.582	-493.559
1879.43	134.25	111.434
1831.18	-239.598	-372.496
1706.33	-40.3233	73.0931
1776.6	-46.865	258.868
1841.98	42.5675	-344.142
1805.56	-289.71	-348
1753.16	-162.299	-503.237
1837.42	-246.646	-211.982
1753.89	299.914	-478.724
1759.97	-228.521	-535.527
1777.85	-5.20774	-408.096
1840.15	177.281	142.674
1744.4	121.734	-610.615
1832.66	-84.2749	-247.903
1787.85	-258.999	-270.288
1772.61	-39.2539	-130.704
1832.65	-268.166	223.009
1851.68	-99.4156	-215.513
1867.48	102.888	234.36
1853.15	233.494	-40.3395
1864.06	-187.58	-255.424
1733.19	-232.735	643.213
1781.12	84.4583	-535.739
1810.73	84.0794	-521.645
1865.16	2.56422	-12.2637
1868.77	282.816	-217.644
1737.58	-278.438	726.646
1747.24	-285.712	680.564
1867.37	-113.482	235.594
1786.09	157.174	299.384
1861.29	-85.898	73.4645
1816.85	21.1192	436.06
1803.26	113.946	93.701
1796.56	-118.471	30.4922
1747.71	-252.414	580.332
1756.13	-53.4509	-5.74512
1849.26	22.3985	101.999
1764.32	201.109	-622.647
1708.52	-178.713	-221.44
1870.02	-220.184	-10.7185
1871.1	1.49492	-48.2867
1833.52	72.2964	-245.491
1854.79	-246.911	67.2536
1850.4	-157.564	125.192
1867.49	76.5203	-192.857
1866.72	-289.394	-261.049
1725.9	-54.0058	-748.512
1823.48	-204.981	-476.482
1719.56	272.258	490.273
1731.28	-270.479	484.644
1841.45	183.646	-150.931
1757.46	-120.052	-584.512
1827.1	-295.761	264.236
1780.68	-61.2842	382.625
1853.48	38.4728	212.167
1845.03	-223.153	286.654
1824.23	-204.146	387.392
1702.79	-152.72	-162.946
1832.5	172.508	392.191
1748.19	-67.8583	583.343
1700.72	206.947	-661.992
1819.13	-281.818	104.609
1728.93	-220.799	-507.896
1871.11	181.394	214.797
1864.51	-5.11139	-147.188
1864.32	-16.7795	-71.6336
1724.34	-299.026	570.129
1801.18	-264.343	522.848
1742.98	-273.977	582.089
1811.87	-271.004	-391.76
1861.83	-23.7751	6.87976
1810.99	48.2349	-3.77782
1771.84	133.247	-415.293
1798.12	-288.047	-217.514
1869.38	-171.204	-253.728
1793.86	-228.383	457.193
1868.41	82.4388	-260.776
1710.35	-299.159	444.719
1810.95	-248.59	-304.385
1880.59	-268.7	15.4609
1808.5	217.279	507.9
1833.45	-162.274	-232.151
1864.68	-191.644	234.802
1709.58	-99.6498	-763.02
1769.99	-230.39	626.941
1876.21	-281.05	-95.8562
1760.47	225.374	621.738
1814.03	18.9357	338.792
1758.97	78.8922	674.787
1878.85	-264.604	127.64
1703.33	299.039	787.775
1848.81	-233.345	-115.474
1707.81	-133.746	-218.815
1803.49	-259.684	392.731
1831.1	-214.256	109.132
1807.83	-221.613	488.464
1877.71	-272.968	-179.475
1840.7	-68.9919	-417.195
1854.25	250.934	113.06
1813.77	-216.794	-214.978
1858.43	-232.68	-126.818
1875.69	-31.6906	154.618
1856.53	-29.0392	-293.035
1821.58	-202.872	189.371
1852.72	-94.3643	201.232
1700.18	105.679	248.544
1750.81	-273.555	-436.911
1707.55	-21.6251	88.3493
1868.21	-154.046	211.654
1713.51	-212.28	10.1036
1774.46	-190.616	399.75
1845.92	-246.29	284.668
1860.52	232.475	303.671
1742.79	-260.852	-597.943
1827.3	-33.9039	-456.759
1866.43	-10.4285	101.785
1743.39	26.0409	-572.485
1862.25	-235.35	-288.95
1810.91	-243.132	362.385
1755.4	-278.011	-50.1122
1873.91	187.839	-77.6405
1850.29	-190.668	189.216
1869.96	-84.1302	-81.9662
1835.1	-121.403	-62.0782
1808.67	85.1182	-408.024
1872.8	-95.0504	228.749
1876.33	-194.062	-31.1783
1718.49	-229.999	-611.835
1766.29	84.9369	418.295
1866.34	53.7025	-17.1043
1772.1	-258.924	-261.645
1705.27	-27.9765	-581.766
1869.21	-111.095	-173.06
1717.23	-145.228	552.451
1723.19	148.537	688.864
1798.76	-139.526	285.295
1808.4	-293.873	7.22119
1873.05	-86.9917	132.63
1788.14	-237.374	139.882
1707.04	116.953	420.33
1767.34	-243.283	556.47
1709.43	-200.751	523.563
1764.99	-276.873	220.717
1792.06	195.868	405.211
1811.81	150.571	500.274
1711.87	-186.085	416.566
1811.13	17.5553	-336.178
1852.98	-133.224	-304.983
1864.52	26.1117	-273.066
1711.39	-284.531	650.623
1800.76	71.541	-254.846
1845.64	285.341	-242.427
1866.52	-49.0264	-9.59975
1861.47	13.777	-162.121
1873.15	-136.334	200.808
1755.23	104.66	252.124
1846.01	-277.703	-68.6343
1741.06	-284.231	568.318
1871.76	-192.614	-218.086
1782.16	-289.038	-67.2558
1743.25	-12.9766	-112.6
1820.68	-278.363	95.7585
1823.89	-44.0833	193.136
1769.29	-157.706	317.045
1787.04	-13.3522	508.608
1778.11	67.5789	-221.55
1815.56	-219.696	425.777
1821.32	-225.213	292.244
1862.09	117.607	122.749
1765.89	99.4606	-241.838
1764.39	-148.009	-476.998
1851.08	-281.231	282.925
1785.79	-162.856	494.599
1863.31	117.295	201.421
1794.02	-297.52	-488.168
1827.45	-238.333	119.608
1807.26	-257.819	-424.945
1826.2	-185.621	334.543
1743.88	-159.3	693.362
1781.43	-94.8757	144.043
1868.7	-250.702	-125.719
1862.48	-106.431	-182.177
1863.22	-282.103	83.1502
1857.74	-287.818	130.44
1874.05	-37.2616	168.236
1708.06	-102.042	-695.521
1701.88	-173.539	227.849
1831.9	-299.203	316.963
1865.1	-61.1503	218.604
1814.28	-115.804	94.0196
1735.73	-111.22	-279.688
1710.82	240.018	-770.519
1885.83	196.539	-49.504
1715.16	71.5818	-396.35
1806.74	-291.71	533.747
1844.29	-180.659	-195.717
1808.43	-241.303	7.22513
1856.52	64.8086	327.556
1766.96	-195.213	-611.255
1850.49	18.0838	-297.813
1723.57	-88.7705	-454.969
1782.84	-7.86934	578.692
1859.17	19.2585	-190.614
1779.48	34.7357	-193.561
1773.54	22.2217	339.919
1802.35	-295.083	-411.974
1844.76	267.612	-87.145
1765.35	246.333	-392.971
1869.07	-108.139	14.5435
1765.62	-233.588	-384.411
1800.37	-243.262	370.061
1738.53	-286.823	-631.012
1784.08	41.6319	-502.268
1841.43	-270.3	52.0763
1753.21	-83.402	-374.218
1865.78	-272.276	239.082
1736.65	-297.981	461.558
1709.74	117.965	575.787
1849.61	-238.836	-238.933
1863.09	-51.2119	94.7483
1861.59	-216.935	205.586
1795.3	54.3538	511.766
1828.44	-275.021	-223.938
1784.56	53.1716	-611.846
1833.44	33.4819	-356.408
1867.34	-92.5223	-116.149
1849.32	-236.836	331.778
1811.53	-292.384	287.526
1762.01	-38.8619	-602.556
1853.08	-144.216	131.446
1803.78	-281.483	230.518
1783.31	-108.662	-612.077
1781.25	110.949	-513.737
1862.15	-208.158	102.994
1806.46	150.654	390.873
1781.17	-195.107	-536.017
1777.37	-14.728	392.386
1771.04	-248.521	-308.017
1822.45	-144.927	441.477
1794.14	7.97241	-357.345
1840.69	155.77	177.769
1722.02	-90.0838	613.187
1708.62	-277.276	-399.806
1827.05	19.5328	-346.806
1852.15	-262.278	57.0345
1798.28	-144.138	-531.121
1755.25	145.372	675.618
1852.91	-85.2496	233.412
1867.34	-80.7373	-211.755
1860.89	-149.249	-217.154
1773.27	207.764	630.462
1777.04	-256.539	-507.493
1868.61	-95.019	2.98794
1828.9	54.7516	369.108
1712.18	42.9301	11.2772
1850.96	-41.8911	272.637
1875.76	-187.42	-84.9736
1865.25	185.641	-168.524
1871.79	-69.2569	18.394
1861	-265.749	-101.164
1859.31	212.364	-186.383
1801.95	180.807	-14.883
1836.86	274.246	-101.565
1864.86	3.53369	216.57
1848.68	-37.7173	-362.254
1857.88	-130.661	-68.8953
1789.29	-80.8958	555.341
1837.64	202.39	-329.592
1841.92	-171.932	89.2113
1882.23	-265.8	-135.181
1862.2	-133.742	53.5199
1736.43	-132.28	-589.216
1749.74	-203.496	-552.936
1740.14	-290.705	284.326
1806.42	-297.228	354.71
1875.51	230.646	-133.503
1855.21	-185.31	-216.858
1732.88	222.674	-215.413
1864.45	76.5919	251.589
1774.02	60.1827	569.414
1851.54	-193.14	242.34
1849.88	-162.427	-245.723
1796.39	61.8207	-52.2621
1745.42	-216.055	716.777
1835.51	-67.9484	-270.802
1831.53	216.35	-320.902
1870.3	-215.266	-101.353
1850.13	-204.59	224.32
1847.75	-106.831	322.37
1865.01	-208.083	-25.9029
1750.75	-216.337	620.467
1782.14	-266.91	-143.277
1845.91	-294.639	-253.866
1831.96	228.739	191.634
1769.71	50.1294	291.265
1714.77	-103.219	-199.222
1853.96	-72.1702	-314.136
1820.17	-279.068	134.827
1864.81	205.536	150.357
1712.91	131.255	-620.078
1867.37	22.4695	-54.8846
1736.74	-103.859	-693.909
1725.27	-134.921	125.931
1719.25	122.768	-668.061
1835.27	-65.6613	417.303
1708.59	-62.6636	-505.142
1763.42	-99.6322	501.147
1883.02	-289.091	-57.2383
1723.47	-298.912	-756.732
1807.57	129.286	460.224
1748.73	-221.184	32.8395
1829.04	-36.1257	92.4464
1703.59	44.8079	-721.479
1851.74	-51.0495	-150.274
1756.2	-1.12342	-401.129
1770.94	15.9374	420.598
1832.73	-128.231	-376.563
1705.65	-200.67	742.333
1848.96	-82.9888	242.479
1849.49	-225.951	124.598
1829.42	-232.908	-306.28
1835.47	-160.378	-175.005
1799.41	-25.8072	-299.06
1828.53	-52.1007	137.112
1864.87	-268.943	-55.6951
1830.17	-86.898	-72.1503
1745.99	-249.137	493.862
1726.67	-230.587	-707.306
1765.85	28.6967	-505.469
1840.1	-9.318	293.827
1793.32	-195.423	126.563
1784.57	18.6914	-145.472
1863.61	69.9697	-154.201
1876.1	189.668	-194.47
1846.45	-176.392	333.206
1807.25	-224.023	-215.224
1718.02	-141.568	189.122
1809	230.632	338.383
1807.07	-148.444	300.985
1848.98	41.8643	300.919
1885.86	-216.785	-28.5032
1871.48	263.795	-154.67
1785.84	-263.095	227.446
1839.04	-23.265	-352.695
1865.96	-106.891	-244.499
1779.29	-11.0691	-145.218
1834.04	-273.454	85.7339
1774.31	161.706	-628.615
1838.72	-155.603	270.765
1780.16	-176.762	571.708
1820.25	-207.681	419.079
1745.41	-288.122	-521.78
1814.71	293.284	518.736
1845.93	-293.222	-152.663
1810.33	-99.0132	-419.916
1841.45	53.8689	-105.228
1831.95	-159.546	354.281
1826.55	-200.878	215.727
1708.24	-281.978	-559.354
1716.29	20.7807	697.887
1862.29	-279.542	213.443
1852.97	-266.146	19.3432
1853.89	56.4252	274.835
1816.18	77.3836	-364.432
1872.95	263.055	235.141
1717.7	-194.278	-312.074
1866.24	20.3373	210.362
1749.82	-41.6114	-172.512
1819.06	-202.395	207.161
1756.16	-242.655	-201.222
1822.4	-288.209	-184.465
1726.93	149.769	304.144
1863.97	2.54785	121.104
1813.46	-63.5492	137.376
1708.87	-96.207	-639.34
1839.18	-203.871	-275.152
1772.55	-43.2517	56.7886
1857.48	-47.1197	-190.286
1788.98	-285.37	-358.72
1764.47	111.079	393.182
1879.61	-42.1428	-166.571
1740.09	-101.673	105.265
1821.77	-186.72	-476.858
1831.64	-239.238	-377.863
1729.34	115.862	596.918
1826.07	63.5395	255.809
1764.12	-115.478	-509.914
1870.67	132.73	-111.379
1704.07	-296.213	437.282
1808.32	-142.753	-379.167
1814.3	-28.0162	-153.138
1721.03	242.894	763.64
1721.35	253.842	740.62
1857.37	-262.272	31.5998
1862.67	-30.2903	-113.394
1880.73	26.7276	-21.104
1794.5	-121.369	-54.224
1853.02	83.6993	-227.011
1733.96	-98.5525	721.412
1724.44	104.344	325.945
1789.44	-192.965	-569.045
1773.56	-153.535	634.993
1746.18	-120.221	-507.658
1727.95	-51.0332	404.02
1827.07	-217.398	-274.587
1816.09	-292.656	-144.861
1840.78	-62.8736	308.238
1816.2	250.919	320.162
1706.8	-168.229	603.134
1817.95	-247.603	68.8783
1802.96	-281.296	-303.936
1844.46	-180.24	257.765
1839.35	267.244	388.496
1882.93	-209.826	97.9545
1759.84	-161.738	400.328
1720.48	-197.552	679.926
1772.58	-119.625	615.323
1860.23	180.957	-199.442
1883.87	169.22	42.9093
1727.82	-233.311	289.913
1786.51	237.843	-582.534
1828.38	-250.891	-283.222
1751.31	-267.692	-493.435
1858.49	175.181	-193.492
1869.05	-77.5828	-39.8032
1760.67	-158.879	152.727
1724.64	220.388	714.184
1779.29	-247.997	597.342
1745.23	-25.2975	401.775
1864.63	-1.32294	-231.574
1877.85	-205.819	155.998
1787.77	-53.8279	-464.413
1834.85	-242.869	-358.292
1749.24	125.719	280.569
1817.98	131.997	-390.856
1846.88	131.979	-379.797
1858.42	-103.832	243.828
1830.64	194.196	428.789
1885.21	-264.388	-97.2292
1739.89	-226.837	483.055
1833.21	5.62433	-210.663
1867.19	-1.14854	-263.265
1881.36	-123.898	-46.1295
1838.27	121.727	-225.835
1820.07	-97.6331	-205.075
1880.59	6.16242	-148.218
1873.09	186.019	131.257
1791.23	73.5944	-547.46
1827.92	28.03	-369.968
1870.55	-202.733	-11.171
1755.02	-17.7673	412.745
1775.26	-195.339	301.242
1789.44	-125.695	-438.236
1827.5	271.445	-314.337
1737.04	-163.322	324.32
1752.97	-226.553	-642.331
1881.81	216.118	118.609
1859.39	-168.809	-284.68
1855.63	287.646	339.783
1873.32	-265.626	-169.647
1847.89	-243.571	159.018
1803.76	-214.951	441.535
1821.5	11.2559	252.401
1792.63	-184.275	590.389
1701.01	157.295	547.427
1862.74	4.44436	-36.1988
1861.31	123.855	-93.6989
1749.31	101.104	169.286
1864.5	-86.154	-64.4316
1792.01	-229.895	-305.657
1864.7	-48.8178	-61.4203
1866.59	60.7292	-11.0407
1702.22	-82.4225	660.209
1790.34	-277.888	-527.456
1882.35	-286.221	-93.5149
1787.65	-93.3885	179.442
1876.57	-259.29	15.6577
1744.38	-225.414	-398.277
1804.78	-126.355	-172.165
1825.58	-135.749	-384.75
1782.54	-82.5197	-342.216
1876.27	-262.681	8.74296
1851.73	101.708	-277.927
1815.27	-106.037	-465.193
1816.47	-295.305	-511.428
1878.42	-225.869	-30.221
1875.23	21.606	-109.832
1778.59	-249.857	-485.45
1806.79	123.755	-501.396
1849.43	-10.2946	-286.97
1880.54	247.547	-115.13
1760.2	63.2133	314.653
1864.88	230.317	3.86839
1787.76	270.133	487.254
1759.73	7.35814	-8.67234
1782.37	242.11	-604.211
1757.37	89.4752	47.5928
1741.09	-195.068	722.148
1734.68	221.126	51.813
1866.74	2.44564	-42.4384
1828.4	-199.642	459.513
1872.82	72.3645	218.382
1761.02	-31.9287	-669.446
1707.93	-201.931	12.6946
1828.59	-6.08744	240.02
1832.33	-260.469	10.2737
1866.59	88.2776	-82.1886
1741.95	-216.172	540.034
1856.06	-235.677	4.37041
1742.66	-280.704	416.679
1834.1	-242.681	-303.03
1871.39	-233.264	-144.794
1737.04	-185.1	543.321
1863.97	-9.52089	-61.7841
1855.81	273.366	-280.326
1855.45	62.6069	40.2001
1865.3	21.7635	192.083
1873.57	-211.892	80.8641
1873.03	-253.949	188.365
1784.81	80.6259	440.205
1717.23	-292.43	214.044
1774.2	-153.441	246.723
1707.47	-194.649	-558.456
1854.07	-277.039	-198.111
1865.26	56.6604	-200.393
1751.07	71.0021	-672.947
1858.37	5.01946	306.277
1840.39	78.0839	166.183
1846.71	-125.578	-325.595
1789.42	-243.514	13.2545
1742.15	-4.3808	374.937
1787.89	102.095	159.928
1765.59	-22.6924	542.509
1825.8	-225.116	236.969
1877.91	-197.723	-57.5636
1715.07	-171.179	-706.32
1801.41	152.426	-271.267
1831.43	-205.513	260.335
1859.05	-232.854	-201.99
1789.67	-162.272	-340.093
1730.72	-174.131	-641.649
1751.67	197.69	-538.404
1794.37	-132.907	-88.8842
1802.94	-184.743	-235.106
1868.05	-38.2323	80.7947
1841.97	-214.767	384.299
1792.36	-280.11	544.385
1799.43	-275.534	560.626
1821.05	-107.62	-418.515
1865.94	-178.744	-0.56659
1870.84	58.7399	179.319
1763.76	-103.529	-106.567
1863.27	54.3215	-121.285
1802.7	189.372	402.436
1729.62	-249.973	-527.984
1713.42	-96.2037	-607.935
1714.86	86.5877	-669.969
1845.12	132.93	-209.208
1847.54	81.4133	-310.517
1790.13	-194.416	-324.825
1857.18	-46.1532	233.153
1884.32	81.1926	2.75544
1763.81	-146.887	469.164
1778.05	-133.284	-525.691
1721.88	-273.807	659.336
1834.78	-206.512	-391.26
1823.82	-294.37	-235.749
1846.51	-276.62	-312.528
1765.92	-273.504	434.395
1765.42	-221.124	-195.326
1780.7	-258.271	104.853
1822.81	-34.0572	-458.71
1718.46	121.283	-519.386
1706.51	-80.6363	137.221
1779.54	-260.086	-210.758
1844.84	-48.5719	-269.778
1858.39	-277.522	7.19009
1844.03	161.648	-209.574
1865.61	-100.546	-80.7669
1846.61	-244.342	207.156
1871.16	-177.681	171.423
1825.89	187.678	94.8718
1790.5	111.48	44.6219
1870.14	-39.2237	-227.118
1851.83	158.831	-264.724
1803.47	108.422	-177.701
1872.18	-37.5521	201.741
1864.55	-185.276	-267.38
1706.99	-197.459	-712.53
1775.33	-190.777	398.473
1772.9	197.072	-348.254
1876.98	-71.4958	90.3727
1813.49	-257.248	-162.727
1865.83	-282.96	-248.702
1883.5	34.0918	-45.8593
1851.86	-151.816	332.408
1823.71	-227.514	476.763
1866.9	-122.156	-254.515
1742.74	51.3804	710.253
1865.46	-55.8409	-47.6396
1876.05	269.273	90.7849
1827.7	-237.534	-305.471
1793.78	73.513	210.407
1742.15	-288.653	698.629
1774.37	-29.7682	418.959
1835.49	-152.344	-193.621
1865.78	18.8961	-33.4302
1765.57	-142.909	365.79
1794.62	-291.167	-331.206
1776.62	-222.541	45.5802
1765.51	-262.101	-641.684
1851.95	-260.669	82.1887
1850.75	-215.004	17.0346
1823.72	-286.126	403.794
1761.69	-224.916	-604.916
1707.92	-276.543	-251.788
1826.68	-263.224	206.451
1862.58	-266.755	-57.0906
1871.12	-232.93	-223.307
1826.46	-242.838	-156.5
1855.97	17.6748	-187.531
1852.51	-260.353	-330.932
1874.51	149.209	-83.3914
1744.4	20.6242	651.873
1843.39	-170.708	-344.884
1850.19	-119.687	-270.766
1860.72	-55.0572	-86.2104
1813.46	-132.729	-295.049
1813.18	-133.52	420.341
1861.59	-79.4553	-143.339
1879.27	-278.249	-168.941
1865.27	50.3979	20.594
1786.58	124.903	-182.603
1742.44	219.102	360.186
1804.07	-231.114	128.147
1828.99	205.333	431.439
1714.56	-293.072	-607.54
1848.13	226.472	-215.055
1775.33	-274.748	-617.856
1734.09	259.441	-681.447
1707	-143.582	-306.69
1858.5	-18.8521	-263.962
1814.41	-85.4968	-139.068
1782.66	-204.892	529.398
1866.02	129.993	-41.2419
1769.34	-192.762	553.843
1812.15	-219.75	-444.199
1870.08	-186.54	102.272
1858.69	-118.606	190.384
1868.14	-264.095	223.741
1864.62	47.7839	-50.1027
1872.63	-151.971	-14.4461
1836.11	169.627	61.7357
1863.67	44.1194	124.302
1739.41	9.15813	507.703
1746.95	38.4673	-649.3
1876.96	219.01	-166.227
1845.7	278.633	359.119
1744.04	235.239	-94.6936
1821.52	128.433	-108.006
1790.61	282.806	67.0586
1727.82	-150.254	-747.452
1732.05	268.462	-274.697
1713.48	15.4885	-790.048
1862.83	-19.0428	-204.365
1830.28	-160.92	-305.165
1821.67	-194.281	-461.67
1869.75	68.8035	248.293
1831.42	-247.97	-147.768
1766.1	-108.126	-327.499
1786.78	-134.41	405.025
1865.79	-3.7425	263.321
1744.54	80.406	184.159
1768.26	217.913	228.067
1795.37	155.29	-4.15832
1854.21	126.575	154.21
1863.59	39.9799	254.777
1856.92	167.41	195.342
1762.98	13.798	529.063
1815.82	-99.9952	256.33
1855.21	27.9925	-299.775
1799.69	-201.483	480.099
1814.54	-298.268	352.334
1811.94	-112.405	240.191
1719.44	-139.326	-278.192
1787.97	8.48961	276.837
1783.64	22.2958	512.453
1747.14	-214.401	377.042
1774.14	190.422	397.026
1787.09	-263.861	-469.163
1768.24	-250.619	-398.878
1722.3	-274.175	373.418
1734.02	-98.408	185.343
1766.39	-275.142	-500.952
1769.1	-94.8343	-587.445
1864.39	-94.6661	-75.7716
1757.38	-296.08	-543.503
1799.31	-213.518	333.207
1802.84	-164.871	427.202
1885.39	-274.795	-34.8163
1734.83	17.0859	-590.637
1849.21	-160.271	-243.933
1865.97	132.701	55.3037
1725.22	-176.478	481.361
1742.28	-152.912	-297.892
1761	-245.107	-470.373
1870.02	87.8004	-204.951
1853.71	-239.634	-157.982
1835.73	-233.168	-411.003
1831.3	-219.552	-0.579964
1860.62	58.9667	-301.853
1720.59	-184.187	312.51
1856.9	-119.293	195.33
1870.64	-10.8998	173.414
1822.56	153.578	159.446
1824.28	-265.088	365.695
1821.47	-207.305	418.847
1708.82	-193.435	496.109
1806.54	56.1085	218.541
1870.52	-282.686	41.8407
1744.26	144.654	-474.663
1865.58	-142.146	-35.0257
1824.52	-268.17	77.1336
1712.47	121.513	-595.097
1874.6	-238.523	26.9893
1877.68	42.5234	174.698
1700.71	21.8863	638.915
1700.08	-118.818	677.781
1780.68	-274.638	-580.453
1728.7	279.454	387.248
1789.38	65.9617	555.847
1725.28	-158.17	401.836
1850.86	-214.21	58.8568
1828.1	-193.329	143.86
1810.23	-204.668	347.835
1794.9	280.825	383.499
1706.97	78.4563	-654.254
1813.31	235.67	-39.732
1851.18	-20.768	319.685
1829.43	135.762	149.31
1865.57	19.9618	49.8838
1866.3	-276.161	-144.605
1848.18	-79.1324	-23.1165
1832.89	-284.284	-152.371
1816.44	-51.7432	-296.255
1818.75	-166.171	-342.061
1761.93	-162.987	423.781
1884.84	-281.099	33.5115
1785.73	-9.44327	66.1302
1824.29	-182.844	-63.5206
1850.4	-292.466	184.777
1817.82	-172.905	-249.873
1717.67	38.8933	-617.534
1873.62	121.734	90.2696
1827.58	158.865	24.4654
1805.54	177.46	-448.978
1820.6	10.8159	-397.294
1835.48	-16.5751	-383.857
1843.88	-293.361	-268.665
1830.92	244.778	-116.947
1828.85	-238.598	148.008
1869.93	-209.86	-212.884
1743.29	-83.6014	87.0843
1834.64	-219.261	-21.3872
1717.19	-276.616	724.294
1729.19	-119.146	-655.901
1829.3	-154.59	3.56213
1710.45	-281.163	764.986
1848.36	74.7092	-350.616
1772.67	-137.64	-574.979
1723.68	10.8634	-675.428
1718.4	-128.063	652.924
1705.7	-130.476	749.309
1804.1	-100.112	16.0858
1836.72	-225.863	419.285
1859.87	-38.7733	-304.493
1832.26	184.803	-59.9361
1860.9	-232.385	252.693
1780.1	-120.243	-434.133
1863.84	-225.455	-120.089
1880.95	-290.475	-123.014
1708.64	77.0998	84.4986
1817.62	10.7235	246.949
1841.21	16.2814	12.3486
1795.94	-199.065	-463.528
1877.29	-28.2837	40.5232
1818.39	-144.265	-82.3741
1846.02	-133.871	333.807
1841.17	-70.6771	-58.3131
1855.87	-85.5172	-302.441
1789.49	-262.59	-496.993
1702.66	-218.225	-596.683
1729.07	-127.342	-633.071
1812.64	-131.911	-228.866
1868.94	31.0486	214.278
1743.71	0.818883	-542.372
1846.77	30.4096	-292.866
1731.9	-246.913	611.709
1850.73	-134.409	-306.2
1863.91	13.0423	-17.5053
1704.08	-137.593	434.172
1868.48	28.9425	-13.7572
1759.89	-219.518	665.935
1808.29	-2.82946	449.586
1763.23	298.18	-243.876
1838	-26.0172	81.3296
1840.63	-264.925	209.813
1751.26	-6.98876	-561.206
1766.36	90.0435	-367.283
1857.9	12.7103	-293.961
1771.47	-165.263	601.508
1864.6	-188.486	292.018
1855.81	71.4558	251.548
1822.05	-240.193	271.974
1786.54	-82.339	544.147
1846.22	285.812	257.151
1832.44	-296.546	-269.199
1806.96	-230.239	294.267
1827.48	-287.345	-180.518
1729.7	-38.3763	-71.9876
1740.65	-51.7818	-660.158
1848.43	-299.865	-323.552
1758.76	-111.862	667.952
1749.98	-257.686	-615.942
1873.45	-216.794	-18.3126
1839.91	-8.01578	-5.29432
1828.28	-168.585	404.309
1822.26	-68.0512	-105.676
1776.15	-144.921	560.112
1780.93	-294.579	-503.014
1777.48	92.4907	-423.882
1802.25	-227.375	455.865
1726.33	-104.528	-680.425
1831.65	-156.516	-26.0809
1811.35	-200.533	-429.262
1822.58	100.953	425.659
1765.54	-288.654	123.525
1862.79	-252.986	205.852
1864.31	-66.6114	-249.969
1819.34	0.896656	181.548
1861.61	177.938	137.123
1850.67	-220	-209.213
1775.4	-159.357	-41.0558
1700.83	133.057	-118.838
1744.36	-234.681	-527.139
1723.29	-38.2772	113.095
1740.34	-143.847	673.91
1814.31	139.693	-474.123
1863.11	5.23476	-94.061
1743.85	-144.139	-669.633
1822.54	-297.801	324.612
1877.45	-222.395	-137.589
1803.52	76.0008	253.904
1802.96	-251.535	-333.343
1780.08	-269.171	-456.709
1717.53	-260.771	603.27
1771.26	-266.301	-322.666
1842.85	-262.772	349.463
1773.76	-223.351	51.7585
1855.73	108.375	69.8591
1823.33	-234.643	332.206
1821.09	-89.3505	344.925
1867.34	-228.344	161.209
1843.92	-246.907	327.481
1837.1	-185.498	404.572
1772.35	-287.726	-555.442
1861.76	230.321	-297
1774.68	-118.414	641.34
1851.57	-59.8261	58.1845
1774.12	60.3058	-588.372
1799.31	63.2743	-471.581
1735.43	29.2281	-6.5108
1880.94	-20.4724	-149.007
1866.68	35.6383	-155.467
1829.41	-224.242	222.061
1812.68	-267.765	341.702
1866.76	-203.318	62.9208
1853.16	-26.7277	112.047
1775.83	-155.773	-383.405
1724.45	258.705	-259.508
1867.58	-100.235	67.9667
1874.01	-145.085	-144.689
1813.72	-209.337	-77.9111
1832.11	-238.215	402.081
1750.76	-276.187	558.285
1881.02	-80.7368	-17.2087
1744.65	-299.206	-700.924
1848.37	-188.577	-80.4828
1865.21	-210.723	-104.69
1828.97	0.719816	-273.866
1806.74	-159.956	-70.1567
1841.6	-162.662	-229.724
1839.93	-47.7686	-299.214
1816.78	-54.1259	-180.655
1871	136.966	190.846
1787.97	-61.3658	575.555
1833.3	-196.014	-345.172
1828.87	-138.095	5.09938
1865.34	-21.5568	-48.1526
1820.06	-267.74	-291.29
1877.99	59.9812	-90.6817
1869.71	27.723	187.213
1832.48	268.784	354.048
1769.54	-141.285	318.758
1738.59	-125.352	-734.426
1717.68	-164.446	-761.366
1867.85	-6.66049	-154.551
1718.8	-175.357	-727.549
1783.18	-213.89	-549.959
1866.15	-237.473	188.902
1856.1	-276.124	-6.25923
1734.12	-287.789	-678.444
1824.48	-160.804	441.075
1720.29	-170.336	258.233
1831.94	61.9022	273.469
1790.5	222.642	-522.453
1869.55	33.6265	255.822
1727.99	65.054	-543.443
1841.22	-207.997	108.136
1853.7	40.5543	254.653
1760.16	40.7198	-593.589
1805.3	57.6316	-292.49
1743.83	192.076	103.178
1707.38	33.844	-692.454
1787.25	5.97237	202.238
1776.91	-297.054	99.595
1819.83	-261.209	103.714
1860.56	-50.5375	92.6187
1875.98	-292.173	86.2253
1861.73	-92.9707	134.953
1763.56	-222.738	518.283
1831.14	-260.141	335.064
1880.13	130.626	77.7437
1705.2	-122.508	716.556
1710.37	-169.204	-539.209
1866.34	-19.3322	25.7023
1710.8	-197.811	378.441
1778.51	-197.758	307.592
1862.14	-47.475	-120.616
1828.15	124.448	195.087
1768.34	-159.277	180.648
1724.39	-58.6126	596.454
1730.48	-135.614	665.943
1841.22	-239.397	231.84
1754.87	-229.685	-649.031
1831.32	-188.529	105.213
1836.79	-176.285	282.649
1860.14	-137.143	106.299
1779.91	-164.924	452.411
1847.34	6.22757	-92.07
1839.44	55.5421	47.3405
1834.07	216.94	442.611
1826.46	-289.592	4.26741
1858.45	48.0136	304.788
1864.7	-193.155	270.003
1837.16	245.995	209.544
1860.19	-6.44105	275.507
1804.41	-197.904	-501.077
1704.81	-242.058	-503.681
1825.79	-170.59	-204.927
1865.34	65.8077	-140.961
1716.69	-187.649	-515.992
1883.43	-238.567	84.4149
1850.17	-287.792	-264.211
1747.87	-128.232	-249.061
1779.7	-273.062	-382.645
1884.07	-285.154	47.2569
1789.1	-90.4067	-218.708
1796.37	129.117	-436.603
1880.08	28.0505	76.2958
1713.46	-86.7812	508.535
1863.98	-110.066	193.387
1707.06	-218.406	160.053
1866.39	30.0193	-44.9875
1731.78	103.346	-42.5772
1743.09	-221.588	678.019
1857.91	-43.4026	-196.002
1812.45	-286.05	131.63
1841.79	-78.5171	130.586
1874.66	-178.332	-102.659
1703.86	-145.673	628.164
1726.72	-54.7032	641.194
1846.25	213.434	248.832
1863.01	-87.807	-241.817
1849.5	-205.451	-128.892
1822.94	-135.757	-153.375
1830.32	-83.4732	-302.199
1879.59	-224.338	67.6813
1725.95	-167.18	593.135
1737.29	-230.28	530.886
1866.9	-1.32731	-137.912
1771.15	-59.3493	388.607
1862.52	-114.27	163.016
1863.57	291.227	159.938
1843	-283.225	-309.082
1860.25	-297.291	266.67
1802.62	-268.804	556.919
1811.93	-175.573	408.428
1864.59	-170.308	30.0711
1801.73	-205.221	364.106
1855.19	274.616	59.9921
1841.34	-111.261	-213.717
1780.5	-139.902	-77.8322
1751.59	158.71	-677.349
1780.84	-238.795	125.593
1701.32	-120.545	631.708
1807.18	-70.9269	-313.855
1839.47	-298.928	275.458
1827.28	-287.476	-156.082
1865.07	-25.8209	44.9687
1759.03	272.206	-57.6869
1859.19	-16.188	-158.476
1730.68	-195.395	92.5601
1842.95	-275.442	272.287
1831.87	248.714	-289.988
1715.63	-111.231	500.291
1868.41	69.0656	156.169
1722.39	42.5487	-454.999
1724.54	-161.507	562.591
1707.09	-229.232	-25.8037
1859.18	27.4243	-323.931
1765.79	-206.246	-168.806
1853.23	-184.652	-155.62
1743.77	139.999	-105.736
1857.87	-206.356	-67.1889
1715.51	-246.916	430.853
1751.75	-27.5857	-489.63
1785.27	48.1647	-364.37
1837.26	0.244159	-140.866
1740.3	-56.9475	479.663
1702.53	-287.923	-94.5892
1804.33	-292.107	398.385
1855.75	-150.968	-55.6061
1809.93	-194.026	161.977
1877.84	-161.046	31.8453
1776.9	-228.177	116.803
1759.79	141.226	591.038
1770.13	36.2203	-409.74
1751.99	-122.611	611.973
1873.97	143.025	89.663
1820.59	-41.9047	-156.344
1863.32	-55.5619	258.092
1741.68	-3.45101	97.3358
1831.71	-216.788	103.492
1712.62	-289.846	-716.026
1766.92	-210.477	-625.702
1835.28	-236.174	25.3659
1834.97	-211.28	347.248
1864.8	-41.1213	102.445
1783.14	-171.905	-87.0102
1862.99	-168.071	-139.646
1861.64	-0.820159	-249.988
1840.99	106.941	-87.6755
1844.97	-263.195	-335.527
1850.16	92.4029	-152.26
1830.83	165.073	437.222
1810.23	-214.209	487.312
1859.27	-278.405	304.584
1756.35	81.2291	604.23
1874.19	204.61	-70.3124
1854.97	27.8748	-139.427
1844.2	-246.712	360.67
1716.29	176.203	19.8125
1861.69	-39.8217	-304.839
1862.46	-57.877	225.285
1817.79	-256.995	175.936
1814.82	-165.014	-453.777
1866.79	154.351	-84.7963
1789.14	-117.818	-190.36
1787.18	69.3087	565.373
1749.03	217.277	-618.801
1867.81	-229.621	221.032
1793.45	-51.779	292.141
1777.67	-256.548	-481.545
1755.59	-32.3332	290.122
1839.3	-134.028	-293.136
1857.73	218.799	243.172
1807.55	-59.5152	486.759
1860.24	-201.33	-246.979
1702.67	-98.8088	778.441
1798.26	-254.665	153.741
1790.78	-83.7271	561.949
1816.73	-111.895	196.234
1830.76	117.2	7.05465
1706.11	-214.343	546.933
1843.38	-112.671	375.525
1796.4	54.1393	402.836
1782.13	-45.8101	219.447
1844.51	64.9303	373.576
1845.72	-25.3759	-23.3629
1840.44	-195.016	373.213
1732.42	-278.236	-389.9
1828.21	153.33	-216.114
1819.35	-168.72	72.6631
1753.56	159.047	-688.762
1867.27	-70.136	188.934
1861.44	-117.153	156.4
1823.7	206.318	104.29
1838.72	200.03	144.771
1734.29	27.9496	580.254
1865.01	-152.438	243.941
1718	-261.107	288.943
1878.56	6.83116	7.41435
1875.13	-126.119	-5.17636
1807.47	-219.33	-117.476
1748.14	52.2703	-576.722
1875.86	-129.841	-174.598
1765.56	-170.392	-366.22
1721.68	282.268	-687.083
1762.72	-173.147	523.399
1866.81	-95.786	86.3805
1745.81	-284.132	669.46
1808.22	-294.186	-348.547
1861.2	55.0333	67.0173
1723.22	123.865	-66.7953
1704.31	-245.4	792.225
1809.49	-170.612	-372.201
1825.81	29.4922	131.567
1815.11	-295.855	213.024
1815.78	-48.092	480.208
1787.65	-120.154	215.962
1849.77	-14.0113	364.685
1739.58	17.2179	332.352
1737.32	-100.537	-661.404
1706.36	-265.867	729.764
1876.64	244.002	41.6488
1705.93	-231.275	537.556
1869.79	-29.0037	-83.7293
1845.65	189.943	376.525
1840.48	-211.306	-85.9481
1746.11	-8.79027	-517.576
1832.34	-204.346	59.7973
1876.43	-233.334	1.72426
1795.91	-58.2697	-321.908
1785.44	-204.307	-450.426
1840.54	-137.068	240.266
1814.33	97.5272	-231.217
1870.67	-198.905	114.806
1748.08	136.209	-573.658
1863.64	-20.2841	117.149
1870.79	-140.884	-123.068
1811.02	-24.6165	264.884
1829.06	-129.862	-379.003
1783.57	200.066	465.908
1859.14	-131.503	213.914
1884.44	-228.055	61.9451
1757.83	-289.264	-574.736
1859.22	134.709	196.688
1866.27	210.592	-2.5128
1876.26	-261.66	163.937
1823.74	-29.4556	298.879
1764.1	273.393	119.695
1865.31	-109.602	14.1204
1873.19	-246.489	-68.0915
1854.51	107.973	193.116
1827.61	-267.938	121.094
1734.92	-14.9903	613.766
1862.55	25.8271	92.5232
1864.04	158.801	62.6523
1784.03	-182.887	-595.58
1861.87	65.1658	-184.848
1810.13	-202.084	44.7673
1701.25	-258.163	247.576
1819.25	-219.405	-283.298
1844.19	-52.7545	397.783
1832.29	-261.54	194.148
1734.92	-268.826	4.06151
1876.79	-274.755	52.5019
1857.01	146.88	47.2151
1867.51	-229.031	-60.0584
1842.18	-213.742	-373.134
1869.08	118.14	108.426
1849.6	-237.38	191.647
1728.06	-213.283	-553.51
1862.24	50.5897	197.659
1858.65	-263.169	-279.596
1850.5	15.8518	-342.603
1802.97	-265.317	-11.6742
1866.09	91.6997	-27.4896
1732.42	227.442	631.999
1874.07	11.7084	-191.498
1839.19	-121.829	-332.868
1796.94	-274.277	52.9982
1879.78	-198.451	-6.4087
1718.07	-267.036	-394.605
1842.15	-219.127	-76.2868
1714.04	-265.365	570.787
1874.54	74.5168	-78.2499
1873.71	-152.449	202.707
1863.69	29.4122	-108.192
1824.07	-231.815	-56.7679
1875.53	57.8861	178.999
1871.11	-152.75	9.60087
1765.51	51.5664	-598.068
1835.53	-73.9472	-321.785
1829.71	-263.95	203.652
1869.14	-2.47013	26.6842
1815.89	-248.52	-466.568
1845.28	-246.108	-111.365
1861.73	-282.724	277.828
1869.13	30.632	105.462
1815.35	-54.6587	394.591
1837.87	-79.8016	238.413
1791.29	-266.355	315.931
1864.1	-108.201	-11.3526
1795.46	-148.914	-555.941
1789.48	-264.304	226.29
1845.98	-147.919	-377.934
1772.87	-5.25811	410.873
1836.17	24.9683	342.535
1798.33	-184.59	185.087
1791.69	-294.185	-213.681
1816.63	-164.433	436.764
1848.78	235.004	-71.3937
1849.09	-246.75	-304.498
1705.62	-26.8836	4.12023
1828.53	-220.565	455.383
1760.73	-198.284	578.217
1823.19	-108.273	464.305
1839.18	39.4693	-37.7887
1790.32	16.0109	308.314
1778.88	-23.095	548.017
1710.05	-290.495	341.724
1716.16	151.719	-743.935
1863.24	183.924	145.515
1813.57	-44.3236	-420.681
1862.95	56.3642	97.4249
1857.14	-296.262	-149.923
1775.14	-218.08	-518.485
1851.4	-274.502	-58.2316
1747.23	-242.185	-682.65
1877.63	217.985	-141.247
1816.15	-99.8493	-301.233
1838.21	-130.515	372.562
1796.86	167.811	-285.632
1806.77	-284.249	-414.098
1854.42	-100.588	199.261
1766.98	-128.471	628.489
1802.29	-195.363	37.029
1728.65	-253.012	-613.116
1759.16	-229.005	-90.8735
1856.09	-237.654	-171.571
1835.57	39.4888	209.985
1855.81	-283.394	-163.009
1878.82	-174.926	-26.0034
1861.03	74.5517	235.052
1832.58	-201.289	-439.975
1811.57	-159.983	496.518
1703.58	-189.832	-615.811
1868.8	-262.243	22.4611
1865.58	-25.0331	87.8783
1715.26	202.959	-771.525
1810.76	175.656	183.57
1824.8	-279.922	258.427
1866.19	59.3961	56.0631
1847.55	-270.303	362.649
1881.38	-141.698	76.0846
1788.33	-294.534	150.77
1862.57	-60.0265	-285.244
1703.41	-121.777	-775.459
1841.21	-223.426	51.8841
1798.64	-136.095	427.097
1863.76	-98.7762	221.012
1801.95	-78.0386	-550.885
1817.4	-201.977	-503.338
1703.39	-299.026	-493.304
1812.85	-96.0065	-512.721
1737.33	197.089	148.98
1870.9	15.5334	-94.3146
1733.96	-101.833	623.196
1850.88	-252.541	60.4209
1874.01	-145.173	137.157
1845.42	-174.716	308.121
1732.87	-209.712	320.985
1863.54	-276.692	289.987
1800.45	163.993	279.567
1858.28	-208.074	104.864
1704.91	-112.183	-638.69
1743.33	-241.597	-214.268
1805.98	-241.29	402.724
1722.5	-264.415	-235.391
1727.63	-199.202	481.266
1870.38	-81.6352	-117.994
1815.83	-136.502	-498.069
1854.49	4.61849	-271.004
1833.94	-264.015	-103.025
1841.23	177.463	-314.678
1826.7	180.727	-347.302
1862.97	-175.575	-181.015
1769.59	-264.572	335.825
1743.74	-122.444	688.324
1801.99	65.5173	456.422
1830.42	-231.243	-370.939
1877.04	-289.101	-50.4253
1862.38	111.913	-213.118
1811.39	153.476	-0.766218
1821.64	-28.3012	-41.9272
1740.82	-299.384	-521.535
1772.79	-152.53	-38.0231
1857.04	140.682	217.818
1846.26	-36.6299	-369.197
1842.71	-205.867	353.816
1751.68	-165.34	541.076
1716.39	-107.915	-196.339
1861.91	-18.5684	-164.593
1701.37	-88.7964	664.178
1800.28	30.9461	-514.604
1825.52	290.401	160.343
1871.22	-289.942	-146.192
1766.91	-269.254	510.461
1844.32	-212.004	-326.486
1836	-71.6196	153.581
1863.79	-171.351	-87.0471
1865.01	31.155	2.79832
1746.04	221.366	-70.0917
1720.6	-169.297	648.247
1823.24	-253.619	42.1097
1845.2	-112.473	147.855
1804.17	153.128	-548.013
1815.05	-256.076	380.973
1745.15	60.6329	-255.162
1885	-254.357	60.1089
1825.67	269.132	-461.316
1859.39	-192.097	88.2266
1763.91	-296.614	-525.199
1775.26	-166.832	388.065
1707.3	-297.284	-774.056
1865.96	-21.0058	-193.29
1828.26	-245.431	-337.305
1881.04	-276.425	-75.4538
1705.09	-48.4737	127.227
1873.15	7.53788	121.525
1865.13	-75.2031	184.956
1786.08	-288.458	-376.067
1744.09	-215.898	402.43
1867.55	14.7172	116.456
1771.58	-14.0981	-27.6873
1862.09	-86.9395	-182.054
1770.63	-289.956	497.788
1707.81	-228.355	-343.607
1863.13	210.231	-144.245
1751.27	-53.7092	-587.035
1840.78	-81.7152	278.418
1861.21	23.3166	131.874
1797.5	-93.7582	-497.707
1748.96	-192.917	-612.904
1874.19	-88.5752	115.508
1863.3	-6.60137	-68.3087
1796.28	-257.57	549.022
1766.89	-143.047	598.257
1875.5	18.7065	86.559
1805.56	46.4189	-371.242
1860.29	80.5076	129.924
1877.6	-224.022	-132.225
1814.02	143.989	189.653
1858.85	140.081	-9.68004
1869.03	-240.914	76.7979
1795.55	-84.8492	40.0384
1778.08	-192.73	141.562
1860.25	-5.24591	16.8202
1830.77	122.478	355.423
1865.46	-32.2222	44.7463
1717.78	-182.879	274.22
1700.31	-186.154	-305.502
1851.15	43.307	-169.843
1828.42	-281.694	-123.809
1831.45	-90.11	79.0878
1825.86	14.1172	299.246
1861.82	-37.7843	-239.068
1830.76	-203.354	382.638
1847.35	-214.335	-347.883
1875.21	-260.888	-204.565
1827.11	-203.717	-10.7919
1805.66	-237.448	86.7954
1715.84	-21.699	630.087
1744.69	-246.36	718.518
1842.55	-230.329	207.864
1878.57	55.6436	-82.3378
1782.87	-221.626	-494.824
1837.86	-189.447	-386.445
1887.15	-72.1936	-10.3316
1798.72	-215.747	567.641
1861.9	-155.233	241.254
1741.22	-273.1	562.775
1867.41	43.844	-77.0988
1881.79	-299.249	138.511
1746.76	-255.641	575.604
1761.69	-294.639	-526.978
1722.22	-241.905	-165.477
1818.85	246.822	282.216
1747.61	-146.117	313.534
1873.03	-258.645	120.191
1723.83	-184.033	-576.619
1732.65	213.694	-392.837
1841.46	-276.38	326.228
1789.81	12.1264	-521.072
1818.25	-200.929	-432.652
1839.89	-269.714	292.208
1858.85	-128.841	-169.126
1821.01	193.872	226.145
1817.55	88.4965	7.65041
1840.67	-143.036	-200.326
1710.78	-286.544	689.283
1866.58	-56.1651	-6.16879
1769.34	-240.377	109.225
1848.82	-283.13	-58.344
1784.55	-147.674	383.53
1827.34	115.742	-230.052
1758.7	255.337	507.432
1865.65	46.5677	108.471
1707.04	-183.415	787.676
1830.45	141.315	-106.711
1829.8	-62.5124	87.3356
1848.68	-190.242	-299.179
1860.06	-55.378	137.708
1827.9	-260.514	-427.495
1717.43	-293.266	-523.925
1840.53	-191.432	69.8874
1758.34	-172.89	-354.916
1730.67	-159.167	-230.459
1844.52	-126.336	-106.176
1823.59	-277.765	96.9047
1742.39	-73.9134	361.657
1753.98	-28.6463	-685.74
1804.17	-227.045	8.63026
1708.91	-113.209	-738.802
1863.66	-96.5659	-98.3375
1861.29	11.1864	-140.861
1873.66	25.1359	-225.721
1765.54	-69.3214	392.21
1870.97	-115.65	27.2192
1709.19	3.11314	463.912
1867.65	-14.5508	142.025
1829.56	-166.952	-112.017
1871.27	-35.8228	41.3675
1871.13	-280.068	-132.432
1763.41	-28.1619	-408.629
1874.94	-79.8399	131.249
1837.93	-192.12	-344.524
1845.94	60.7167	-328.431
1716.33	-203.789	-6.12293
1865.94	-32.7996	-9.49382
1801.99	-270.722	178.84
1799.37	-236.817	358.014
1867.3	-155.421	-225.578
1852.33	90.1815	-70.3964
1750.24	-154.545	702.746
1802.56	-271.956	-438.356
1773.57	-3.12022	612.911
1750.94	0.688074	362.281
1884.77	-284.629	86.8838
1859.47	-66.8111	168.403
1878.85	96.9211	-56.5253
1811.72	269.163	-36.512
1881.79	-116.618	-11.608
1814.58	43.8225	-488.095
1783.46	-13.9052	-229.494
1715.01	-13.3244	-656.841
1807.4	-238.092	-450.587
1823.55	-156.891	-254.276
1783.27	13.6056	-237.593
1852.46	-133.357	-287.319
1857.79	-82.5911	-254.515
1864.39	-193.048	3.55898
1757.2	-269.637	-67.0127
1719.23	38.7909	492
1778.73	-127.717	542.058
1853.44	-231.162	341.957
1824.28	-247.931	281.148
1773.04	-281.437	-257.993
1863.76	3.01234	-90.8321
1774.34	-209.341	-411.761
1871.69	-144.685	143.51
1822.74	-278.542	-74.9499
1857.1	-78.753	235.479
1741.91	-277.815	-523.575
1868.99	-81.1669	-5.20507
1782.15	18.4357	618.857
1824.4	-183.512	390.58
1881.18	-298.167	-73.4642
1798.23	204.153	-559.29
1747.7	-93.2635	266.025
1728.37	-277.072	-562.96
1733.12	-1.20447	563.144
1853.34	-265.218	56.1485
1852	-22.3471	340.641
1702.47	-45.0798	-667.015
1742.98	-186.444	-139.095
1775.75	246.983	419.908
1860.1	-50.9333	-198.982
1866.01	102.314	104.561
1773.7	57.8816	8.60485
1766.1	-21.0363	291.341
1819.56	-103.666	-406.762
1841.29	5.66212	205.181
1812.32	-270.137	-498.712
1721.76	-214.207	-92.1876
1861.51	-73.3033	116.866
1736.47	-24.6678	-256.739
1865.86	5.95805	-126.184
1872.48	-54.2069	-145.223
1868.68	56.1319	122.908
1706.39	-267.634	605.235
1837.92	-167.19	-165.904
1829.57	-160.209	204.811
1868.03	-234.346	-260.165
1854.81	-67.5425	-263.419
1718.71	-90.8607	-424.353
1788.87	149.702	449.056
1877.14	-123.081	56.3455
1711.78	-267.439	13.9337
1845.57	-294.3	170.579
1844.86	-65.2846	-148.917
1789.57	142.14	-309.21
1847.53	-259.439	345.726
1781.86	-84.1107	-419.894
1866.28	6.09428	108.235
1783.33	252.706	-466.163
1728.73	171.888	-629.271
1856.38	-224.906	-121.87
1867.27	-34.4132	-106.312
1793.45	-86.3639	394.035
1786.6	-242.59	112.491
1836.43	-165.767	-311.29
1822.32	-220.377	197.101
1870.1	-235.34	235.756
1844.42	-120.022	-131.972
1787.19	-116.488	-239.187
1755.71	-250.39	-683.812
1765.02	-17.9492	-76.3199
1861.06	-15.7391	-80.4922
1770.69	-183.939	135.281
1867.21	70.0931	151.217
1866.02	-78.4594	249.561
1872.63	-132.443	79.6635
1826.6	121.843	308.21
1789.2	-10.242	-445.528
1806.81	-9.18267	-295.831
1767.5	-138.841	-95.5693
1859.67	-265	320.52
1807.23	-79.8948	-384.362
1723.45	-179.786	-384.074
1854.75	-290.671	333.009
1747.37	-227.661	-339.4
1757.21	268.296	686.828
1762.19	-145.863	543.518
1724.43	-61.7462	-685.759
1726.35	199.338	207.561
1719.38	-65.3086	-95.8736
1844.17	-134.562	55.9866
1781.18	-32.9641	392.958
1743.67	148.998	563.796
1856.2	11.8095	272.788
1864.46	-54.9009	11.3742
1713.63	66.6675	-785.995
1864.18	165.577	-170.913
1849.03	-138.082	66.3128
1877.91	-184.044	178.986
1822.84	44.686	155.475
1872.58	-295.477	-233.718
1837.07	-249.708	-342.16
1723.05	113.324	-758.993
1858.25	28.6754	-102.686
1846.49	-284.371	237.635
1842.14	141.014	-313.721
1767.94	-211.539	529.647
1765.93	-260.645	591.292
1871.97	-232.42	-167.799
1868.24	29.6135	-19.0314
1720.73	-142.106	-517.747
1805.15	-226.943	73.9896
1768.69	-66.7535	230.221
1738.36	-181.584	195.702
1801.1	-288.699	440.272
1852.92	-163.956	-260.657
