0 1870.088573 0.033788
1 -0.710621 0.174164
2 -0.001345 0.000309
3 4.190264 0.025133
4 3.662878 0.028166
5 47.790750 0.156958
6 1888.750000 0.000000
7 5.062167 0.026721
8 0.000000 0.000000
9 0.000000 0.000000
10 0.000000 0.000000
11 47.828531 1.414214
12 140.030300 1.414214
13 0.000000 0.000000
14 -7571.900000 0.000000
15 0.000000 0.000000
16 10.434653 1.408239
17 -0.269921 0.285323
18 1888.750000 0.000000
19 0.000000 0.000000
20 8.933055 1.281691
21 135.474068 1.307826
22 -1344.577930 4.886624
23 2076.714988 3.912069
24 78.418671 1.329955
25 845.459727 17.619370
26 -131.076652 7.195921
27 215.493568 5.923843
28 -8.838815 0.420095
29 447.183967 1.950939
