0 1863.533525 0.025579
1 -6.273916 0.211634
2 -0.000033 0.000171
3 1.234458 0.025087
4 5.373978 0.034174
5 75.170534 0.212653
6 1888.750000 0.000000
7 2.603814 0.358817
8 22.804226 0.221548
9 -42.148709 0.249458
10 0.134154 0.001337
11 11.738321 0.119425
12 212.379890 2.479982
13 -0.002156 0.000529
14 -2.095979 0.027737
15 78.277703 0.775441
16 90.837487 9.806445
17 8.742973 1.126471
18 1888.750000 0.000000
19 -0.555306 0.094194
20 18.229137 0.575916
21 153.836169 0.667879
22 471.226197 60.625519
23 1864.526335 0.071080
24 14.058737 0.102748
25 3.149512 0.000000
26 -24.651223 0.000000
27 64.725594 0.000000
28 0.000000 0.000000
29 0.000000 0.000000
