4101	6571
4101	6571
4102	11531
4102	11531
4102	41380
4113	41364
4113	74553
4113	101387
4113	101387
4113	101387
4113	122920
4113	170594
4114	35244
4114	35244
4114	43938
4114	167253
4115	42127
4115	42127
4115	60164
4115	60164
4115	60164
4115	127919
4115	127919
4115	127919
4116	10778
4116	10778
4116	10778
4116	19540
4116	36545
4116	39378
4116	65879
4116	65879
4116	164416
4117	57340
4117	57340
4117	61491
4117	61491
4117	61491
4117	108969
4117	146809
4117	146809
4117	146809
4117	146809
4117	146809
4126	9107
4126	9107
4126	9107
4126	62918
4126	62918
4126	62918
4126	62918
4127	656
4127	7069
4127	7069
4127	7459
4127	7459
4127	35927
4127	41102
4127	48760
4127	48760
4127	72165
4127	72165
4127	75716
4127	88203
4127	88203
4127	88203
4127	88203
4127	88203
4127	99719
4127	102279
4127	102279
4127	102755
4127	102755
4127	102755
4127	119524
4127	130227
4127	130227
4127	130227
4127	130227
4127	133187
4127	141314
4127	178168
4127	178168
4127	178168
4127	178168
4127	178168
4127	179257
4127	179257
4127	202530
4127	203076
4128	15228
4128	15228
4128	15228
4128	21186
4128	21186
4128	21186
4128	24622
4128	27810
4128	27810
4128	31779
4128	35753
4128	35753
4128	35753
4132	14611
4133	33171
4133	37525
4133	46607
4133	71398
4133	71398
4133	85835
4133	85835
4133	85835
4133	85835
4133	85835
4133	85835
4135	15922
4135	18624
4135	55738
4135	55738
4135	55738
4135	55738
4135	69802
4135	118959
4135	118959
4138	66392
4138	70642
4138	98168
4138	98168
4138	110610
4138	110610
4138	145078
4138	145078
4138	163681
4139	23566
4139	23566
4139	23566
4139	49225
4139	61792
4139	73913
4139	73913
4139	73913
4139	73913
4139	73913
4139	73913
4139	73913
4139	73913
4139	73913
4139	73913
4139	73913
4139	73913
4139	73913
4139	73913
4139	73913
4139	107144
4139	110283
4139	113395
4139	115321
4139	116853
4139	116853
4139	116853
4139	119745
4139	130002
4139	141168
4139	141168
4139	141168
4139	144513
4139	144513
4139	178658
4139	187915
4139	187915
4139	187915
4139	190368
4139	190368
4139	190368
4139	195037
4139	195037
4139	195037
4139	195037
4139	197912
4139	197912
4139	197912
4139	197912
4139	212630
4139	221919
4140	36135
4140	36359
4140	36359
4140	47924
4140	47924
4141	31958
4141	31958
4141	31958
4141	32963
4141	38710
4141	38710
4141	38710
4141	38710
4141	38710
4141	38710
4141	38710
4141	41578
4141	41578
4141	46012
4141	46012
4141	46012
4141	46012
4141	46012
4141	46012
4141	70340
4141	70340
4141	70340
4141	70340
4141	78947
4141	103608
4141	103608
4141	103608
4141	103608
4141	103608
4141	107982
4141	107982
4141	166993
4141	174155
4141	194413
4141	194413
4141	194413
4141	194413
4141	201512
4141	201512
4141	201512
4141	206969
4141	206969
4141	209202
4141	209202
4142	11750
4142	11750
4142	22034
4142	22034
4142	22034
4142	70016
4142	76825
4142	76825
4142	76825
4142	81019
4142	85212
4142	85212
4142	87640
4142	88162
4142	88162
4142	88162
4142	88162
4142	89805
4142	89805
4142	89805
4142	90650
4142	90650
4142	93609
4142	104711
4142	108280
4142	108280
4142	155734
4142	175262
4142	199898
4142	199898
4143	48751
4143	48751
4143	59476
4143	62482
4143	71198
4143	71198
4143	111781
4143	111781
4143	148156
4144	12932
4144	12932
4144	17000
4145	13868
4150	2770
4150	31829
4150	83406
4150	87543
4150	96753
4150	116502
4150	131377
4150	132916
4150	132916
4150	132916
4150	146222
4150	146222
4150	146222
4151	5300
4151	9110
4151	23045
4151	23045
4151	30896
4151	30896
4151	30896
4151	112136
4151	170580
4151	170580
4151	170580
4154	4263
4154	121431
4154	121431
4155	26927
4155	27660
4155	57646
4155	57646
4155	77578
4155	133179
4155	134607
4155	138112
4155	138112
4155	138112
4155	138112
4155	138112
4155	138112
4155	138112
4155	138112
4155	138112
4155	138206
4155	138206
4155	139275
4155	139275
4155	142841
4155	142841
4155	142841
4156	3424
4156	27396
4156	36693
4156	43407
4156	44764
4156	49869
4156	76948
4156	137724
4156	137724
4156	149958
4157	33822
4157	33822
4157	33822
4157	52026
4157	52026
4157	52026
4157	52026
4157	52026
4157	52026
4157	52026
4159	31843
4159	31843
4159	37662
4159	56079
4159	92869
4159	99270
4159	99270
4159	99270
4159	111635
4159	111635
4160	39896
4160	39896
4160	39896
4160	39896
4160	54270
4160	54270
4160	98625
4160	103090
4160	103090
4160	146188
4160	160695
4160	169969
4160	169969
4160	174122
4160	178205
4160	191010
4160	191010
4160	192817
4160	192817
4160	192817
4160	197125
4160	197125
4160	197125
4161	93252
4161	93252
4161	93252
4161	93252
4161	93252
4162	7446
4162	41006
4162	41006
4162	41006
4162	73811
4162	73811
4162	83707
4162	83707
4162	100226
4162	110683
4162	118661
4162	132902
4162	132902
4162	138949
4162	138949
4162	138949
4162	138949
4163	5535
4163	5535
4164	23009
4164	43182
4164	43182
4164	67172
4164	67172
4164	67172
4164	67172
4164	67172
4164	67172
4164	80349
4164	80349
4164	107188
4164	107188
4164	107188
4166	68548
4167	114599
4167	114599
4167	132144
4167	132144
4167	162721
4167	164477
4167	178754
4167	185371
4167	203260
4167	203260
4168	32174
4168	32174
4168	32174
4168	54226
4168	63813
4168	73126
4168	77420
4168	91576
4168	98538
4168	98538
4168	113934
4168	116415
4168	138075
4168	148466
4168	148475
4168	149319
4168	164935
4169	26836
4169	26836
4169	26836
4169	26836
4169	34206
4169	34206
4169	63509
4169	108445
4169	109741
4169	109741
4169	117883
4171	1518
4171	84778
4171	95258
4171	104190
4171	104190
4172	118257
4172	118257
4173	10526
4173	14495
4173	18015
4173	31656
4173	116133
4173	116133
4173	116133
4173	119379
4174	259
4174	98825
4174	113209
4174	113209
4174	135201
4175	4019
4175	21746
4175	23543
4175	23543
4175	41851
4175	42122
4175	42122
4178	9539
4178	39912
4178	43525
4178	45206
4178	45206
4178	45206
4178	64260
4178	67752
4178	70299
4178	70299
4178	83790
4178	91373
4178	94989
4178	94989
4178	115005
4178	134826
4178	169338
4178	169948
4178	172039
4178	172039
4178	172039
4178	185940
4180	4403
4180	9422
4180	26088
4180	26088
4180	26088
4180	27314
4180	34174
4180	40328
4180	40328
4180	40328
4180	61901
4180	61901
4180	61901
4180	97152
4180	97152
4180	103760
4180	114733
4180	116192
4180	119534
4180	119534
4180	120602
4180	133569
4180	138686
4180	138686
4180	161945
4180	161945
4180	172230
4181	3818
4181	20868
4181	23637
4181	23637
4181	23637
4181	54686
4181	54686
4181	92168
4181	92168
4181	143718
4181	143718
4181	143718
4181	156376
4181	164263
4181	169932
4182	19473
4182	19473
4182	19473
4182	71366
4182	71366
4182	92433
4182	92433
4182	97011
4182	97011
4182	117096
4182	174622
4182	195824
4182	205873
4182	205873
4182	205873
4183	114371
4183	114371
4183	138867
4183	138867
4183	146068
4183	147927
4183	147927
4183	156114
4183	156114
4183	169657
4183	169657
4183	169657
4183	169657
4183	199378
4183	199378
4183	201690
4184	13160
4184	20501
4184	20501
4184	20501
4184	20501
4184	20501
4184	20501
4184	21009
4184	32647
4184	32647
4184	32647
4184	43304
4184	54367
4184	70134
4184	74427
4184	74427
4184	90272
4184	178065
4185	11602
4185	20035
4185	46833
4185	70957
4185	79974
4185	101513
4185	101513
4185	101513
4185	111478
4185	130632
4185	130632
4185	130632
4185	130632
4185	130632
4185	135126
4185	135126
4186	5022
4186	5022
4186	5022
4186	5022
4186	5022
4186	5022
4186	5022
4186	5022
4186	5022
4186	5022
4186	31639
4186	57112
4186	57112
4186	57112
4186	57112
4186	59433
4186	60172
4186	60172
4186	60172
4186	60172
4186	101592
4186	107113
4186	107113
4187	13183
4187	13183
4187	15876
4187	15876
4187	15876
4187	18727
4187	18727
4187	19122
4187	19122
4187	19122
4187	26513
4187	56959
4187	56959
4187	56959
4187	81306
4187	104907
4187	106364
4187	106364
4187	106364
4188	5557
4188	7159
4188	26152
4188	26152
4188	47120
4188	56033
4188	56033
4188	69165
4188	82552
4188	82552
4188	100936
4188	116998
4189	2848
4189	11104
4189	55630
4189	55630
4189	55630
4189	125571
4189	125571
4189	125571
4189	125571
4189	125571
4189	125571
4189	125571
4189	149891
4190	4031
4190	4031
4190	9568
4190	9568
4190	9568
4190	9568
4190	34937
4190	36542
4190	36542
4191	12635
4191	61259
4191	76798
4191	125519
4191	125519
4191	132211
4191	139093
4191	139093
4191	165996
4191	165996
4191	177187
4192	2457
4192	2457
4192	2457
4192	2457
4192	2457
4192	2457
4192	17431
4192	23776
4192	31268
4192	75623
4192	84640
4192	108238
4192	126920
4192	140022
4192	140022
4192	162749
4193	12524
4193	16849
4193	29551
4193	41589
4193	57999
4193	61515
4193	89824
4193	94243
4193	103941
4193	103941
4193	103941
4193	103941
4193	103941
4193	122607
4193	124840
4193	124840
4193	124840
4193	124840
4193	124840
4193	124840
4193	124840
4193	177724
4193	177724
4194	8815
4194	9164
4194	46586
4194	46586
4194	67250
4194	85599
4194	85599
4194	87853
4194	87853
4194	90614
4194	135116
4194	135116
4194	141503
4194	145725
4194	152247
4194	152247
4194	152247
4194	152247
4194	153394
4194	153394
4194	153394
4194	165894
4195	58376
4195	59991
4195	59991
4195	59991
4195	60005
4195	60005
4195	67009
4195	67009
4195	90147
4195	95598
4197	101379
4201	49652
4201	53533
4201	59836
4201	140346
4201	157718
4201	157718
4201	185434
4202	391
4202	441
4202	2413
4202	2413
4202	2413
4202	11866
4202	11866
4202	11866
4202	13044
4202	61902
4202	64508
4202	64508
4202	65975
4202	94825
4202	120223
4202	164473
4203	34359
4203	81890
4203	81890
4203	83391
4203	83391
4203	88592
4203	88592
4203	88592
4203	88592
4203	88592
4203	114004
4203	132213
4203	166664
4203	166664
4203	166664
4203	174705
4203	175398
4203	180742
4203	180742
4204	45862
4204	45862
4204	111743
4204	119465
4204	119465
4204	125068
4204	125068
4204	125068
4204	125068
4204	125068
4204	151571
4204	153260
4204	153260
4204	153260
4204	153260
4204	153260
4204	153260
4204	153260
4204	157498
4204	164493
4205	4925
4205	11319
4205	11319
4205	11319
4205	27855
4205	27855
4205	35129
4205	62149
4210	167522
4214	31910
4214	31910
4214	32655
4214	32655
4214	36053
4214	36053
4214	54654
4214	71421
4214	76357
4214	94011
4214	94011
4214	94011
4214	96798
4214	96798
4214	97281
4214	128459
4214	130888
4214	142992
4214	142992
4214	142992
4214	156947
4214	156947
4214	202831
4214	208152
4214	208193
4214	218341
4214	218341
4214	219300
4214	219300
4215	2050
4215	25152
4215	25152
4215	25152
4215	152582
4215	153608
4215	159016
4215	162095
4215	181259
4215	181259
4220	10766
4220	10766
4220	13416
4220	20032
4220	20032
4220	20032
4220	20032
4220	20032
4220	20032
4220	34145
4220	42596
4220	42596
4220	42596
4220	46711
4220	61479
4220	91480
4220	175436
4220	185150
4220	203384
4220	203384
4220	224165
4221	53330
4221	71096
4221	101427
4221	166444
4221	188786
4221	192675
4221	202938
4221	202938
4222	83654
4222	83654
4222	83654
4222	83654
4222	96893
4222	155722
4222	186289
4222	211802
4223	26638
4223	26638
4223	26638
4231	1088
4231	1088
4232	11769
4232	11769
4232	11769
4232	33367
4232	33367
4232	33367
4232	33367
4232	89878
4238	1114
4238	1409
4238	1409
4238	24459
4238	24459
4238	25534
4238	77720
4238	84740
4238	84740
4238	84740
4239	3960
4239	14331
4239	14331
4239	14331
4239	23157
4239	23157
4239	23157
4239	24579
4239	32916
4239	32916
4239	41774
4239	42481
4239	48258
4239	56134
4239	56134
4239	83093
4239	85489
4239	85489
4239	89974
4239	90428
4239	93177
4252	25933
4252	28394
4252	110310
4252	110310
4252	110589
4252	136244
4252	136244
4252	152409
4252	162888
4252	162888
4252	174602
4254	18048
4254	43931
4254	43931
4254	96131
4254	148237
4255	12969
4255	65901
4255	66518
4255	88478
4255	88478
4256	59103
4256	62744
4257	3909
4257	45248
4257	45248
4257	47216
4257	47216
4257	68593
4257	75301
4257	89019
4257	98445
4257	101204
4257	108225
4257	108225
4257	108225
4257	108225
4257	108225
4257	177807
4257	177807
4257	177807
4257	192119
4258	3185
4259	22357
4259	28699
4259	28699
4260	16029
4260	16029
4260	88228
4260	154164
4261	2817
4261	29157
4261	35864
4261	51700
4261	51700
4261	51700
4261	56548
4261	72046
4261	72046
4261	75187
4261	75187
4261	117488
4261	119929
4261	134813
4261	134813
4261	150328
4261	195862
4261	197663
4262	1879
4262	23594
4262	23594
4262	23594
4262	23594
4263	16630
4263	71354
4263	77157
4263	77157
4263	119241
4263	131315
4263	137750
4263	137750
4263	137750
4263	137750
4263	137750
4263	137750
4263	166955
4263	166955
4263	166955
4263	177316
4263	178092
4264	13316
4264	13316
4264	14892
4264	92805
4264	92805
4265	26033
4265	33454
4265	50012
4265	50012
4265	50012
4265	50012
4265	50012
4265	50012
4265	77020
4265	77553
4265	82133
4265	91584
4265	139603
4265	152981
4265	153064
4265	157271
4265	157271
4265	157271
4265	157307
4265	168530
4265	168530
4265	168530
4265	170636
4265	211416
4265	211416
4266	36500
4266	54295
4266	54295
4266	55324
4266	55324
4266	97485
4266	97485
4266	97485
4266	133789
4266	140981
4266	140981
4266	145935
4266	145935
4266	167964
4266	167964
4266	177083
4267	3381
4267	7298
4267	7694
4267	7694
4267	15216
4267	18988
4269	3283
4269	19903
4269	19903
4270	3653
4270	3653
4270	3653
4270	3653
4270	3653
4270	3653
4270	3653
4270	4973
4270	6494
4270	6494
4270	6494
4270	117677
4270	117677
4270	117677
4270	117677
4270	117677
4270	142196
4270	199088
4271	27040
4271	72007
4271	72007
4271	72007
4271	85950
4271	114246
4271	115023
4271	115023
4271	115023
4271	117207
4271	117207
4271	117207
4271	140689
4271	140689
4271	140689
4271	140689
4271	140689
4271	153646
4271	153646
4271	153646
4271	153646
4271	171894
4271	171894
4271	171894
4271	204539
4271	209783
4272	6075
4272	6075
4272	9295
4272	15397
4272	15397
4272	15397
4272	15397
4272	15397
4272	17832
4272	17832
4272	191159
4273	52140
4273	52140
4273	52140
4273	52140
4273	52140
4273	68659
4273	77067
4273	77067
4273	94237
4277	34809
4277	34809
4277	34809
4277	44072
4277	61174
4277	61174
4277	61174
4277	61174
4277	61174
4277	61174
4277	61174
4279	9451
4279	9451
4280	45847
4280	45847
4281	14418
4282	38569
4282	98201
4282	105971
4282	105971
4282	110559
4282	116875
4282	141492
4282	141492
4282	141492
4282	141492
4282	147968
4282	147968
4282	147968
4282	147968
4282	147968
4282	147968
4282	147968
4282	150969
4282	160423
4282	207132
4282	211364
4283	11647
4283	11647
4283	14460
4283	15136
4283	19920
4283	34866
4283	41203
4283	49516
4283	59805
4283	59805
4283	89366
4283	120504
4283	135114
4283	187074
4283	214625
4284	1652
4284	1652
4284	20318
4284	83461
4284	88633
4284	113923
4284	116380
4284	116380
4284	116380
4284	116380
4284	116380
4284	145081
4284	146098
4285	7760
4285	10600
4285	16568
4285	16568
4285	16568
4285	26588
4285	26588
4285	26588
4285	35837
4285	35837
4285	51306
4285	65979
4285	65979
4285	65979
4285	90522
4285	90522
4285	90522
4285	90522
4285	114007
4285	126587
4285	128956
4285	139893
4285	171489
4285	171489
4285	203541
4285	219941
4285	221410
4285	221410
4285	221410
4285	221410
4286	1320
4286	13320
4286	17949
4286	27665
4286	27665
4286	27665
4286	48216
4287	4046
4287	4046
4287	4046
4287	5328
4287	17824
4287	28470
4287	66038
4287	66038
4287	66038
4287	119064
4287	119064
4287	119064
4287	146901
4289	1445
4289	2989
4289	2989
4289	2989
4289	2989
4289	36788
4289	36788
4289	44790
4289	86753
4289	146148
4289	146148
4289	153956
4289	153956
4290	35880
4290	35880
4290	35880
4290	35880
4290	41443
4290	41443
4290	46315
4290	46315
4290	54254
4290	102275
4290	102275
4290	102275
4291	3510
4291	3510
4291	22364
4291	23142
4292	7228
4292	30860
4292	45048
4292	45048
4292	45953
4292	52343
4292	52343
4292	55803
4292	62207
4292	74939
4292	122460
4292	126947
4292	126947
4292	161275
4292	163132
4292	163132
4292	163132
4292	163132
4292	175934
4292	175934
4292	175934
4292	175934
4292	175934
4292	175934
4293	16372
4293	16372
4293	23671
4293	30861
4293	37675
4293	76216
4293	98504
4293	98504
4293	98504
4293	99267
4293	120361
4293	210515
4293	210515
4293	210515
4294	44052
4294	44052
4294	44052
4294	44052
4294	44052
4294	61253
4294	105193
4294	156824
4295	23078
4295	23078
4295	67046
4295	67046
4295	74248
4295	74248
4295	74248
4295	74248
4295	74248
4295	74248
4295	126908
4295	145421
4295	151497
4295	156412
4295	186167
4295	192209
4295	192209
4295	192654
4295	196218
4295	196218
4295	217522
4296	2910
4296	8713
4296	8713
4296	27244
4296	27244
4296	27244
4296	27244
4296	39009
4296	39009
4296	39009
4296	39009
4296	39009
4296	39009
4296	44283
4296	82511
4296	89495
4296	89495
4296	121783
4296	121783
4296	121783
4296	127827
4296	144244
4296	179179
4296	179179
4296	179179
4296	179179
4296	212577
4296	218988
4296	236212
4296	236212
4297	504
4297	17533
4297	17602
4297	17602
4297	23969
4297	23969
4297	23969
4297	33669
4297	33669
4297	33669
4297	33669
4297	43176
4297	43176
4297	43176
4297	54619
4297	54619
4297	97860
4297	97860
4297	110134
4297	112697
4297	112901
4297	112901
4297	114012
4297	131711
4297	131711
4297	143651
4297	153796
4297	153796
4297	153796
4297	153796
4297	157396
4297	190351
4297	190351
4297	227279
4298	7646
4298	7646
4298	38330
4298	61960
4298	61960
4298	93096
4298	141654
4298	141654
4298	141654
4298	148341
4298	148341
4298	148341
4298	197228
4298	200737
4298	206081
4298	206081
4298	206081
4298	213712
4298	225698
4298	226565
4298	230499
4298	230499
4299	8857
4299	67881
4299	92033
4299	92033
4299	94209
4299	95271
4299	95271
4299	95271
4299	95271
4299	95271
4299	104151
4299	105674
4299	105674
4299	140756
4299	146682
4299	149760
4299	151588
4299	180730
4299	180730
4299	205863
4300	51359
4300	89666
4300	103266
4300	106585
4300	136185
4300	155787
4300	155787
4300	173305
4300	193734
4300	193734
4300	206482
4300	206482
4300	206482
4300	209655
4301	27153
4301	27424
4301	75333
4301	78119
4301	78119
4301	78119
4301	91827
4301	100565
4301	107236
4301	129592
4302	39352
4302	47108
4302	52582
4302	69162
4302	87122
4302	87122
4302	87122
4302	96117
4302	109882
4302	141457
4302	144454
4302	211869
4302	211869
4302	211869
4302	211869
4302	211869
4302	211869
4302	211869
4302	211869
4302	211869
4302	211869
4302	211869
4302	211869
4302	214422
4302	222879
4302	222879
4302	222879
4302	226136
4303	20301
4303	30034
4303	30034
4303	30034
4303	30034
4303	30034
4303	30034
4303	30034
4303	71410
4303	94666
4303	94666
4303	94666
4303	94666
4303	125777
4303	125777
4303	125777
4303	205571
4303	213606
4303	213606
4303	217866
4303	221864
4304	312
4304	312
4304	312
4304	5708
4304	5708
4304	5708
4304	15573
4304	15573
4304	15573
4304	17109
4304	17109
4304	26859
4304	26859
4304	26859
4304	27038
4304	63234
4304	63234
4305	5221
4305	5221
4305	15465
4305	30439
4305	30439
4305	52960
4305	52960
4305	85358
4305	100909
4305	101354
4305	103889
4305	149381
4305	149381
4305	149381
4305	177078
4305	210257
4305	211820
4305	211820
4305	222247
4306	7309
4306	9207
4308	419
4308	419
4308	11633
4308	32840
4308	66522
4308	76418
4308	80356
4308	84355
4308	84355
4308	87038
4308	87038
4308	87038
4308	87038
4308	87038
4308	87038
4308	87038
4308	95259
4308	95259
4308	95259
4309	14541
4309	18078
4309	18078
4309	28763
4309	34648
4309	34648
4309	35783
4309	49252
4309	79005
4309	79005
4309	79005
4309	82648
4309	84378
4309	122969
4309	122969
4309	122969
4309	134623
4309	147592
4309	157588
4309	160225
4309	160225
4309	175926
4309	204145
4309	214998
4309	214998
4309	214998
4309	214998
4310	35916
4310	35916
4310	46812
4310	46812
4311	4158
4311	4158
4311	7001
4311	9884
4311	10863
4311	10863
4311	12793
4311	30111
4311	41674
4311	73700
4311	73700
4311	73891
4311	73891
4311	73891
4311	73891
4311	73891
4311	118984
4311	118984
4311	118984
4311	133818
4311	145475
4311	184789
4311	184789
4311	226013
4311	228729
4311	229725
4311	229725
4312	1288
4312	1846
4312	14501
4312	31461
4312	37998
4312	46764
4312	75549
4312	75549
4312	75549
4312	75549
4312	75549
4312	81978
4312	129413
4312	129413
4312	129413
4312	148788
4312	159668
4312	159928
4312	179065
4312	179065
4312	186716
4312	208211
4312	208211
4313	60311
4313	60311
4313	60311
4313	60311
4313	60761
4313	82812
4313	104269
4313	106296
4313	111178
4313	134365
4313	141235
4313	177678
4313	188729
4313	188729
4313	188729
4313	188729
4313	229598
4314	27553
4314	27553
4314	36120
4314	53716
4314	53716
4314	53716
4314	61989
4314	62317
4314	81619
4314	95678
4314	110961
4314	110961
4314	132827
4314	132827
4314	140870
4314	159835
4314	161033
4314	169578
4314	178225
4314	178225
4314	189941
4314	189941
4314	189941
4314	191363
4314	198180
4314	198180
4314	198180
4314	214736
4315	12605
4315	15858
4315	15858
4315	24687
4315	24687
4315	63420
4315	70329
4315	75493
4315	75493
4315	75493
4315	75493
4315	75493
4315	75493
4315	75493
4315	75493
4315	82302
4315	82302
4315	82302
4315	86230
4316	32393
4316	33507
4316	33507
4316	34868
4316	42727
4316	42727
4316	43299
4316	51699
4316	77043
4316	78057
4316	78057
4316	94945
4316	100158
4316	100158
4316	136728
4316	136728
4316	140349
4316	140349
4316	140349
4316	180408
4317	11077
4317	11077
4317	16823
4317	16823
4317	17334
4317	45381
4317	49881
4317	49881
4317	96900
4317	96900
4317	96900
4317	96900
4317	96900
4317	106116
4317	106116
4317	121657
4317	125645
4317	125645
4317	125645
4317	125645
4317	125645
4317	127497
4317	142403
4317	142403
4317	152946
4317	152946
4317	155338
4317	155338
4317	163201
4317	163201
4317	163201
4317	163201
4317	163453
4317	163453
4317	171084
4317	171084
4317	172676
4317	178937
4317	192745
4317	192745
4317	200423
4317	200423
4317	200423
4317	200973
4317	200973
4317	200973
4317	200973
4317	200973
4317	209629
4317	209629
4318	58844
4318	64098
4318	64098
4318	64098
4318	86506
4318	95667
4318	95667
4318	116554
4318	124800
4318	140457
4318	140457
4318	140457
4318	140457
4318	140457
4318	140457
4318	140457
4318	140457
4318	140457
4318	172210
4318	172210
4318	172210
4318	182688
4318	197108
4318	210477
4318	225556
4318	230420
4318	230420
4318	230420
4319	15336
4319	24644
4319	39097
4319	53147
4319	115778
4319	115778
4319	136558
4319	147442
4319	149911
4319	163950
4319	163950
4319	167466
4319	181917
4319	189179
4319	194628
4319	194628
4319	194628
4319	196963
4319	197260
4319	198555
4319	198555
4319	198555
4320	25501
4320	39882
4320	41639
4320	54262
4320	66363
4320	72589
4320	91782
4320	91782
4320	91782
4320	91782
4320	138701
4320	138701
4320	138701
4320	138701
4320	138701
4320	148473
4320	148473
4320	166284
4320	202994
4321	22458
4321	22458
4321	26268
4321	27868
4321	27868
4321	48869
4321	58952
4321	89843
4321	106203
4321	106203
4321	125251
4321	125251
4321	141034
4330	120261
4330	125010
4330	133276
4330	135432
4331	2303
4331	2303
4331	20400
4331	22006
4331	22006
4331	22006
4331	65619
4331	66126
4331	66126
4331	66126
4331	113732
4331	155861
4331	155861
4331	155861
4331	179922
4332	10031
4332	44148
4332	68559
4332	68559
4332	75489
4332	89851
4332	133995
4332	133995
4332	133995
4332	133995
4332	133995
4332	182407
4332	220499
4332	231757
4332	231757
4332	247173
4332	250731
4332	250731
4332	250731
4332	250731
4333	25209
4333	75248
4333	90183
4333	101593
4333	126613
4333	134525
4333	134952
4333	134952
4333	134952
4333	139531
4333	203971
4333	220199
4334	14976
4334	14976
4334	21595
4334	21595
4334	33948
4334	33948
4334	33948
4334	41780
4334	41780
4334	41780
4334	70999
4334	70999
4334	70999
4334	96846
4334	96846
4335	25514
4335	25514
4335	101018
4335	118894
4335	118894
4335	145061
4335	191317
4335	202981
4335	247806
4335	263229
4336	58105
4336	75239
4336	101244
4336	111350
4336	111350
4336	111350
4336	132397
4336	138423
4336	140289
4336	140289
4336	154066
4336	158650
4336	174374
4336	174374
4336	174374
4336	174374
4336	174374
4336	174374
4336	174374
4336	174374
4336	174374
4336	198813
4336	204620
4336	204620
4336	204620
4336	204620
4336	229750
4336	252549
4336	255916
4336	267962
4338	5744
4338	30483
4339	39136
4339	41136
4339	41136
4339	41136
4339	48486
4339	48486
4339	98762
4339	98762
4339	136493
4339	136493
4339	172241
4339	172241
4339	175403
4339	177879
4339	177879
4339	177879
4339	199378
4339	224800
4339	230235
4339	230235
4339	233374
4340	30150
4340	33503
4340	53969
4340	69124
4340	69124
4340	85606
4340	117957
4340	124290
4340	172473
4340	172473
4340	172473
4340	172473
4340	198655
4340	234450
4341	4021
4341	4021
4341	6655
4341	52118
4341	87509
4341	87509
4341	87509
4341	87509
4341	137992
4341	160023
4341	160023
4341	160023
4341	160023
4341	160023
4341	176587
4341	178203
4341	178203
4341	178203
4341	178203
4341	183763
4341	188860
4341	194872
4341	194872
4341	204331
4341	217848
4341	217848
4341	223934
4341	225850
4341	225850
4341	231618
4341	231618
4341	245678
4341	245678
4341	248196
4341	249458
4341	249458
4341	249458
4342	47390
4342	47821
4342	59204
4342	59204
4342	69342
4342	69342
4342	69342
4342	69342
4342	69342
4342	82357
4342	82357
4342	87124
4342	97856
4342	121831
4342	121831
4342	124980
4342	124980
4342	124980
4342	124980
4342	124980
4342	124980
4342	128237
4342	145287
4342	230682
4342	236992
4342	236992
4342	236992
4342	236992
4342	236992
4342	251219
4343	14705
4343	34135
4343	34135
4343	74375
4343	74375
4343	74375
4343	146030
4343	146030
4343	192853
4343	203250
4343	203250
4343	203250
4343	226534
4343	226534
4343	226534
4343	232898
4343	232898
4343	232898
4344	42697
4344	53667
4344	53667
4344	53667
4344	53667
4344	53667
4344	53667
4344	62224
4344	82447
4344	82447
4344	84023
4344	139232
4344	139232
4344	156213
4344	178642
4344	183642
4344	183642
4344	183642
4344	183642
4344	183642
4344	209436
4344	218486
4344	218486
4344	228068
4344	228068
4344	239909
4344	248587
4344	248587
4344	248587
4345	6241
4345	6967
4345	10399
4345	19384
4345	42447
4345	53719
4345	57918
4345	57918
4345	77251
4345	77251
4345	77251
4346	18682
4346	24148
4346	55824
4346	55824
4346	55824
4346	55824
4346	55824
4346	77334
4346	77334
4347	1186
4347	9517
4347	9517
4347	9517
4347	9517
4347	9517
4347	9517
4347	9517
4347	9517
4347	9517
4347	14402
4347	14402
4347	14402
4347	24030
4347	24030
4347	24030
4347	24030
4348	26219
4348	26219
4348	32298
4349	16207
4349	20260
4349	20260
4349	26304
4350	19371
4350	24281
4350	24281
4350	24281
4350	24281
4350	24281
4350	24642
4350	47139
4350	47944
4350	63509
4350	63509
4350	74388
4350	88457
4350	88457
4350	92668
4350	100754
4350	100754
4350	119049
4350	151033
4350	151033
4350	158225
4350	168489
4350	168489
4350	218477
4350	238327
4350	238565
4351	3532
4351	3532
4351	8734
4352	29324
4352	29324
4352	47190
4352	54767
4352	54767
4352	54767
4352	54767
4352	54767
4352	64797
4353	61440
4353	61440
4353	91249
4353	143936
4353	158791
4353	161099
4353	161099
4353	161099
4353	166294
4353	173567
4353	176571
4353	176571
4353	208271
4353	208271
4354	1903
4354	15469
4354	27736
4354	37496
4354	66172
4354	84959
4354	157753
4354	157753
4354	157753
4354	159266
4354	159266
4354	167170
4354	183975
4355	141865
4356	56189
4356	56189
4356	56189
4356	91467
4356	91467
4356	91467
4356	91467
4356	117465
4356	154060
4356	198955
4356	198955
4356	198955
4356	198955
4356	198955
4356	198955
4356	221434
4357	16113
4357	27429
4357	56662
4357	56662
4357	56662
4357	98220
4357	122183
4358	52340
4358	54494
4358	54494
4358	58275
4358	58275
4358	62435
4358	62435
4358	62435
4359	17014
4359	24996
4359	24996
4359	28940
4359	28940
4359	28940
4359	28940
4359	107118
4379	19191
4380	8495
4380	8495
4380	33098
4380	70866
4380	72507
4380	158274
4380	158274
4380	158274
4380	179623
4380	181142
4380	189454
4380	192889
4380	192889
4380	225354
4380	238951
4380	256841
4380	256841
4381	7084
4381	7084
4381	24854
4381	24854
4381	27395
4381	27395
4381	27395
4381	30259
4381	30259
4381	37998
4381	37998
4381	37998
4381	37998
4381	37998
4381	37998
4381	37998
4381	37998
4381	37998
4381	40481
4381	40481
4381	40481
4381	77419
4381	86197
4381	106049
4381	106049
4381	121796
4381	121796
4381	164033
4381	190051
4381	192010
4381	252935
4382	32324
4382	42976
4382	56858
4382	64353
4382	65825
4382	65825
4382	67972
4382	67972
4382	67972
4382	72463
4382	92702
4382	127726
4382	127726
4382	127726
4382	160937
4382	175948
4382	183649
4382	191900
4382	197626
4382	205022
4382	221954
4383	1130
4383	55548
4383	55548
4383	55548
4383	79544
4383	79544
4383	79544
4383	79544
4383	79544
4383	79544
4383	79544
4383	119400
4383	131464
4383	131464
4383	131464
4383	138453
4383	178147
4383	178147
4383	178147
4383	178147
4383	183896
4383	183896
4383	187134
4383	187134
4383	187952
4383	187952
4383	187952
4383	187952
4383	187952
4383	254953
4384	5687
4384	5687
4384	5687
4384	5687
4384	5687
4384	5687
4384	10047
4384	10047
4384	10047
4384	10047
4384	10047
4384	40126
4384	40126
4384	48123
4384	51329
4384	51329
4384	51329
4384	63786
4384	86451
4384	86451
4384	93008
4384	93313
4384	93313
4384	107575
4384	107575
4384	108639
4384	108639
4384	116801
4384	148017
4384	148017
4384	148017
4384	150235
4384	150235
4384	215208
4384	215208
4384	215208
4384	215208
4384	215208
4384	229575
4384	229575
4384	229575
4384	235371
4384	250763
4385	3207
4385	3207
4385	3207
4385	3207
4385	9770
4385	9770
4385	9770
4385	23243
4385	43753
4385	43753
4385	86871
4385	86871
4385	86871
4385	86871
4385	86871
4385	86871
4385	86871
4385	86871
4385	86871
4385	86871
4385	86871
4385	105166
4385	105166
4385	105166
4385	105166
4385	105166
4386	15716
4386	35368
4386	35368
4386	57208
4386	101229
4386	101229
4386	105518
4387	7525
4387	28820
4387	28820
4387	28820
4387	28820
4387	28820
4387	28820
4387	37451
4387	40216
4387	40216
4387	40216
4387	40216
4387	55303
4387	69633
4387	88711
4387	184712
4387	184712
4388	14986
4388	15231
4388	15640
4388	29755
4388	29755
4388	38963
4388	43572
4388	48607
4388	48607
4388	66067
4388	74611
4388	105712
4388	108962
4388	127011
4388	146976
4388	153231
4388	153231
4388	153231
4388	173641
4388	173641
4388	173641
4389	4272
4389	4272
4389	13111
4389	13111
4389	13111
4389	13111
4390	21328
4390	21328
4390	22446
4390	44124
4392	4045
4392	16222
4392	16222
4392	16222
4392	16222
4392	16222
4392	20694
4392	33876
4392	38103
4392	47961
4392	66078
4392	66078
4392	66078
4392	66078
4392	87109
4392	87109
4392	89484
4392	99804
4392	99804
4392	99804
4392	99804
4392	103001
4392	103001
4392	103001
4392	127323
4392	128326
4392	134375
4392	134375
4392	134375
4392	152598
4392	152598
4392	152598
4392	166271
4392	182775
4392	182775
4392	189675
4392	189675
4392	191711
4392	191711
4392	228548
4393	40258
4393	54956
4393	64112
4393	64112
4394	5851
4394	5851
4394	5851
4394	5851
4394	44648
4394	67172
4394	67172
4394	67172
4394	67172
4394	136225
4394	136225
4394	136225
4394	204300
4394	204300
4396	16358
4396	16358
4397	5311
4397	5311
4397	36431
4397	80600
4397	80600
4397	116193
4397	116790
4397	118105
4397	137280
4397	137280
4397	190576
4397	243936
4397	245164
4398	41090
4398	45472
4398	45472
4398	45472
4398	45472
4398	63944
4398	63944
4398	69369
4398	79655
4398	99042
4398	107913
4398	108515
4398	115820
4398	133590
4398	153885
4398	153885
4398	200610
4398	200610
4398	218863
4399	9219
4399	9219
4399	14621
4399	26993
4400	30855
4400	30855
4400	30855
4400	30855
4400	30855
4400	47067
4400	94948
4400	94948
4400	94948
4400	105655
4400	105655
4400	129506
4400	129506
4400	150840
4400	202801
4400	202801
4400	212312
4400	227941
4400	227941
4400	229230
4400	229230
4400	230189
4401	33561
4401	33561
4402	2655
4402	44290
4402	50778
4403	11540
4403	38757
4404	24478
4404	25973
4404	25973
4404	83901
4404	116208
4404	192546
4404	213799
4404	223102
4404	223102
4404	223102
4405	18319
4405	28057
4405	28057
4405	28057
4405	28057
4405	28057
4405	28057
4405	47290
4405	47290
4405	47290
4405	49398
4405	49398
4405	49398
4405	49398
4405	65437
4405	65437
4405	68595
4405	68595
4405	73024
4405	73024
4405	73024
4405	86568
4405	95474
4405	99739
4405	104735
4405	104735
4405	122367
4405	125981
4405	146486
4405	146486
4405	146486
4405	146486
4405	150594
4405	150594
4405	150594
4405	151781
4405	164681
4406	23612
4406	23612
4406	48926
4406	64511
4406	64511
4406	74586
4406	86923
4406	86923
4406	133498
4406	141133
4406	141133
4406	157913
4407	33473
4407	33473
4407	36989
4407	78533
4407	78533
4407	83978
4407	95750
4407	117044
4407	134198
4407	180903
4407	202243
4407	202243
4407	202243
4408	46118
4408	46118
4408	49311
4408	49311
4408	56006
4408	56006
4408	56006
4408	62791
4408	62791
4408	62791
4408	67002
4408	71178
4408	71178
4408	71178
4408	118128
4408	135658
4408	143842
4408	143842
4408	143842
4408	143842
4408	143842
4408	155833
4408	155833
4408	193342
4408	197625
4408	197625
4408	197625
4408	197625
4408	197625
4408	197625
4408	241963
4409	8718
4409	63020
4409	63020
4409	63020
4413	18255
4413	77299
4413	85389
4413	85389
4413	94320
4413	104741
4413	104741
4413	109516
4413	155385
4413	185364
4413	205869
4413	206581
4413	210333
4413	238212
4414	8469
4414	8469
4414	8469
4414	8469
4414	8469
4414	9992
4414	9992
4414	9992
4414	9992
4414	9992
4414	33149
4414	41131
4414	75750
4414	79618
4414	79618
4414	79618
4414	103421
4414	103421
4414	122570
4414	122570
4414	136612
4414	136612
4414	159471
4414	159471
4414	159471
4414	171415
4414	176626
4414	180620
4414	181956
4414	181956
4414	185790
4414	189810
4414	189810
4414	191222
4414	194855
4414	194855
4414	212205
4414	212205
4414	212205
4414	212205
4415	2604
4415	4261
4415	4261
4415	8080
4415	16173
4415	20597
4415	20597
4415	20597
4415	20597
4415	32592
4415	32592
4415	42442
4415	42442
4415	43966
4415	43966
4415	52882
4415	52882
4415	52882
4415	52882
4415	70113
4415	91171
4415	91171
4415	92087
4415	92087
4415	92087
4415	113026
4415	134638
4415	134638
4415	162986
4416	15104
4416	28406
4416	29440
4416	41769
4416	43975
4416	43975
4416	74668
4416	89304
4416	93929
4416	166882
4416	177962
4416	177962
4416	178223
4416	182405
4416	192418
4416	192418
4416	214211
4416	214211
4416	214211
4416	214211
4416	214211
4416	214211
4416	214211
4416	220000
4416	226879
4416	226879
4417	11923
4417	14421
4417	26690
4417	29884
4417	29884
4417	98886
4417	123255
4417	123255
4417	129087
4417	163479
4417	163479
4417	166888
4417	166888
4417	175563
4417	175563
4417	175563
4417	175563
4417	175563
4417	175563
4417	201486
4417	201486
4417	201486
4417	201486
4417	243588
4417	243588
4417	243588
4418	11234
4418	11234
4418	11234
4418	11234
4418	11234
4418	29273
4418	29273
4418	34026
4418	40202
4418	40202
4418	65175
4418	69835
4418	69835
4418	69835
4418	79299
4418	83986
4418	97826
4418	107683
4418	121379
4418	121379
4418	121379
4418	121880
4418	121880
4418	170755
4418	179013
4418	194346
4418	194346
4418	203911
4418	203911
4418	203911
4418	203911
4418	203911
4418	203911
4418	205598
4418	205598
4418	214629
4418	231070
4418	234961
4418	243605
4418	243605
4418	243605
4420	12522
4420	19783
4420	19783
4420	22305
4420	60458
4420	72596
4420	97506
4420	97506
4420	97506
4420	97506
4420	97506
4420	97506
4420	97506
4420	97506
4420	121054
4420	122529
4420	128571
4420	128571
4420	149998
4420	149998
4420	149998
4420	153172
4420	223409
4420	223409
4420	223409
4420	226904
4420	226904
4420	248147
4421	7472
4421	39974
4421	39974
4421	46924
4421	53047
4421	80720
4421	80720
4421	91386
4421	91386
4421	91386
4421	91386
4421	96368
4421	96368
4421	125729
4421	127766
4421	150330
4421	192045
4421	192045
4421	209096
4421	209096
4421	214726
4421	214726
4421	214726
4421	215487
4421	215487
4421	215487
4421	219804
4421	229705
4421	229705
4421	229705
4421	229705
4421	229705
4421	237645
4422	5784
4422	31771
4422	34649
4422	51244
4422	51244
4422	51244
4422	114199
4422	114199
4422	114199
4422	114216
4422	169620
4422	169620
4422	171407
4422	173908
4422	173908
4422	192094
4422	198875
4422	211430
4422	218516
4422	221212
4422	240042
4422	240042
4423	22093
4423	22093
4423	22093
4423	22093
4423	32686
4423	32686
4423	32686
4423	32686
4423	32686
4423	33393
4423	44246
4423	62686
4423	62686
4423	65132
4423	79000
4423	92066
4423	92066
4423	95087
4423	103387
4423	103714
4423	103714
4424	5112
4424	13131
4424	13131
4424	23182
4424	25385
4424	32622
4424	32622
4424	34203
4424	34203
4424	44340
4424	44340
4424	44340
4424	44340
4424	59937
4424	59937
4424	59937
4424	63190
4424	63190
4424	74785
4424	74785
4424	93937
4424	107557
4424	116243
4424	145135
4424	145135
4424	145135
4424	147284
4424	147284
4424	156247
4424	178255
4424	183069
4424	183069
4424	183069
4424	183069
4424	202350
4424	223926
4424	223926
4424	223926
4424	224179
4424	235186
4424	235186
4424	242852
4425	16264
4425	16264
4425	16264
4425	16264
4425	70944
4425	70944
4425	70944
4425	70944
4425	70944
4425	70944
4425	72430
4425	81976
4425	81976
4425	81976
4425	85231
4425	85231
4425	93665
4425	116301
4425	116301
4425	116301
4425	116301
4425	128627
4425	128627
4425	128627
4425	128627
4425	128627
4425	128627
4425	128627
4425	131175
4425	141660
4425	141660
4425	141660
4425	141660
4425	141660
4425	141660
4425	176700
4425	187661
4425	211994
4425	211994
4425	211994
4426	41033
4426	41033
4426	41033
4426	41033
4426	41033
4426	41033
4426	41033
4426	44053
4426	50055
4426	50055
4426	50055
4426	50055
4426	80747
4426	135771
4426	137853
4426	137853
4426	141616
4426	143282
4426	166127
4426	169769
4426	188238
4426	199685
4426	210674
4426	216180
4426	216180
4426	217610
4426	221964
4426	221964
4426	221964
4426	222180
4426	229324
4426	231795
4426	231795
4426	243096
4427	17641
4427	17641
4427	20202
4427	36737
4428	3989
4428	21040
4428	50115
4428	50115
4429	783
4429	23718
4429	29443
4429	31512
4429	31512
4429	31512
4429	31512
4429	31512
4429	32385
4429	33590
4429	33590
4429	33590
4429	33590
4429	33590
4429	48116
4429	59714
4429	63827
4429	63827
4429	90146
4429	91637
4429	91637
4429	91637
4429	91637
4429	91637
4429	118951
4429	118951
4430	13507
4430	35669
4430	49236
4430	117158
4430	132320
4430	143204
4431	9299
4431	9299
4432	13679
4432	44485
4432	44485
4432	45646
4432	64798
4432	69543
4432	77159
4432	77159
4432	77159
4432	77159
4432	77159
4432	83312
4432	83312
4432	92236
4432	92236
4432	93159
4432	107046
4432	107667
4432	107667
4432	107667
4432	115703
4432	141112
4432	166890
4432	166890
4432	166890
4432	166890
4432	166890
4432	166890
4432	168312
4432	187656
4432	200929
4432	205075
4432	205075
4432	227090
4433	27528
4433	44106
4433	44106
4434	24136
4434	24136
4434	36185
4434	36185
4434	36185
4434	54262
4434	54262
4434	70326
4434	101312
4434	106570
4434	106570
4434	106570
4434	107942
4434	113086
4434	120567
4434	133273
4434	162712
4434	178293
4434	189744
4434	189744
4435	18663
4435	33043
4435	33043
4435	33043
4435	33790
4435	100330
4435	100330
4435	100330
4435	103848
4435	103848
4435	103848
4435	103848
4435	103848
4435	111195
4435	120450
4435	121616
4435	121616
4435	138060
4435	138060
4435	138060
4435	138060
4435	138060
4435	147948
4435	147948
4435	147948
4435	147948
4435	153348
4436	4683
4436	4683
4436	15766
4436	16604
4436	32192
4436	32192
4436	33910
4436	33910
4436	33910
4436	39576
4438	3625
4438	3625
4438	31630
4438	49426
4438	56053
4439	16109
4439	27780
4439	27780
4439	31678
4439	71722
4439	84345
4439	84345
4439	133210
4439	134437
4439	239754
4439	239754
4439	241455
4439	241455
4439	241455
4439	241818
4440	9449
4440	9449
4440	9449
4440	9449
4440	25677
4440	63296
4440	82111
4440	82424
4440	83573
4440	92568
4440	109000
4440	117275
4440	165411
4440	165411
4440	170456
4440	170456
4440	170456
4440	173650
4440	173650
4440	188212
4440	188212
4440	193856
4440	204736
4440	214594
4441	1231
4441	1231
4441	68001
4441	68297
4441	68297
4441	68427
4441	73169
4441	73169
4441	88834
4441	88834
4441	136674
4441	150628
4441	150628
4441	163408
4441	181646
4441	181646
4441	181646
4441	181646
4441	196452
4442	35351
4442	35351
4442	40651
4442	40651
4442	55025
4442	55851
4442	55851
4442	55851
4442	61863
4442	70218
4442	70218
4442	70218
4442	70218
4442	83793
4442	83793
4442	83793
4442	101906
4442	101906
4442	101906
4442	101906
4442	101906
4442	101906
4442	129195
4442	129195
4442	129195
4442	145276
4442	145276
4442	145276
4442	157694
4442	157694
4442	157694
4442	157694
4442	157694
4442	157694
4442	157694
4442	183539
4442	190969
4442	192127
4442	199999
4442	201341
4442	226728
4442	226728
4442	226728
4442	226728
4442	232369
4444	2336
4444	2336
4444	2336
4444	9486
4444	40262
4444	61690
4444	101788
4444	104091
4444	104091
4444	104091
4444	104091
4444	109695
4444	133618
4444	140637
4444	164348
4444	169794
4444	197174
4444	203533
4444	203533
4444	203533
4444	227461
4444	253949
4445	37995
4445	46175
4445	46175
4445	59928
4445	64790
4445	64790
4445	66976
4445	114652
4445	122350
4445	124372
4445	124372
4445	124372
4445	124372
4445	124372
4445	124372
4445	128835
4445	128835
4445	153090
4445	153090
4445	153090
4445	153090
4445	153090
4445	153090
4445	163141
4446	7273
4446	11060
4446	27838
4446	28741
4447	13970
4447	63663
4447	79282
4447	81282
4447	104428
4447	104428
4447	139036
4447	139036
4447	152386
4447	197165
4447	198080
4447	208292
4447	230459
4447	249518
4447	255722
4447	255722
4447	255722
4448	23476
4448	24807
4448	48827
4448	48827
4448	57014
4448	111085
4448	116476
4448	116476
4448	116476
4448	116476
4448	123126
4448	123126
4448	123617
4448	123617
4448	127717
4448	130460
4448	147436
4448	172347
4448	178808
4448	178808
4448	181565
4448	181565
4448	181565
4448	186532
4448	226026
4448	226026
4448	226026
4448	226026
4448	226026
4448	226026
4448	229820
4448	231148
4448	231148
4449	17425
4449	17425
4449	17425
4449	17425
4449	17425
4450	2189
4450	3346
4450	3346
4450	3346
4450	3346
4450	3346
4450	4172
4450	4172
4450	17066
4450	30822
4450	34851
4450	34851
4450	35109
4450	36638
4450	36638
4450	50305
4450	61481
4450	71408
4450	71443
4450	71443
4450	78478
4450	78478
4450	88516
4450	88516
4450	88516
4450	88516
4450	88516
4450	94728
4450	94728
4450	101713
4450	105751
4450	105899
4450	112817
4450	112817
4450	114472
4450	114472
4450	116582
4450	116582
4450	126966
4450	156899
4450	156899
4450	158137
4450	163935
4450	163935
4450	257720
4450	257720
4451	4527
4451	4527
4451	12083
4451	47294
4451	47294
4451	72824
4451	91441
4451	91441
4451	125010
4451	141777
4451	151359
4451	151359
4451	151359
4451	156684
4451	169852
4451	184386
4451	184386
4451	187508
4451	189354
4452	9048
4452	49184
4452	50433
4452	75175
4452	81524
4452	90206
4452	90206
4452	90206
4452	90206
4452	121002
4452	127067
4452	138162
4452	138162
4452	147650
4452	147650
4452	147650
4452	147650
4452	156813
4452	156813
4452	157071
4452	157168
4452	157168
4452	157168
4452	157168
4452	157168
4452	158404
4452	160918
4452	167515
4452	197887
4452	204321
4452	204321
4452	204321
4452	204979
4452	204979
4452	204979
4452	204979
4452	216735
4452	230106
4452	230106
4452	230106
4452	237858
4452	237858
4452	239754
4452	239754
4452	244003
4452	244003
4452	248509
4452	250998
4453	8345
4453	8345
4453	8345
4453	8345
4453	11669
4453	11669
4453	15377
4453	15377
4453	27866
4453	30893
4453	30893
4453	38958
4453	51243
4453	82906
4453	90804
4453	91292
4453	106952
4453	126955
4453	126955
4453	126955
4453	133455
4453	147298
4453	147298
4453	147298
4453	147298
4453	147298
4453	153945
4453	153945
4453	165345
4453	165345
4453	165345
4453	170982
4453	170982
4453	170982
4453	170982
4453	170982
4453	170982
4453	171722
4453	171722
4453	173498
4453	173498
4453	200754
4453	214931
4453	214931
4453	220605
4453	220605
4453	220605
4453	220605
4453	220605
4453	220605
4453	233531
4453	238487
4453	238487
4453	238487
4453	238487
4453	239039
4453	239117
4453	239117
4453	239117
4453	259063
4454	3719
4454	3719
4454	3719
4454	30464
4454	30464
4454	38290
4454	50090
4454	50090
4454	50090
4454	50090
4454	61413
4454	72015
4454	83457
4454	88111
4454	88111
4454	88111
4454	88111
4454	88111
4454	88111
4454	97218
4454	101251
4454	122233
4454	122233
4454	122233
4454	122233
4454	137003
4454	137153
4454	144298
4454	155275
4454	158242
4454	158242
4454	167724
4454	180964
4454	180964
4454	180964
4454	180964
4454	203163
4454	205971
4454	205971
4454	205971
4454	221927
4454	221927
4454	225270
4454	229778
4455	4725
4455	22589
4455	27854
4455	27854
4455	27854
4455	30578
4455	30578
4455	30578
4455	30578
4455	30578
4455	43352
4455	43352
4455	69640
4455	81649
4455	81649
4455	89895
4455	100678
4455	104964
4455	142615
4455	147445
4455	157119
4455	175711
4455	175711
4455	175711
4455	175711
4455	178196
4455	180041
4455	246307
4456	19074
4456	19074
4456	24326
4456	28282
4456	30196
4456	30196
4456	34588
4456	38210
4456	38210
4456	49509
4456	51969
4456	53454
4456	53454
4456	53454
4456	55828
4456	82861
4456	82861
4456	82861
4456	82861
4456	93221
4456	95544
4456	120748
4457	16237
4457	16237
4457	16237
4457	17086
4457	17086
4457	19124
4457	19124
4457	19641
4457	22449
4457	61379
4457	67537
4457	67537
4457	69524
4457	71841
4457	73935
4457	73935
4457	76592
4457	76742
4457	79314
4457	80503
4457	93229
4457	124957
4457	124957
4457	124957
4457	124957
4457	124957
4457	124957
4457	158447
4457	158447
4457	158447
4457	180832
4457	181017
4457	185947
4457	211663
4457	220630
4457	220630
4457	220630
4457	228473
4457	235915
4457	235915
4457	235915
4457	235915
4457	237709
4457	237709
4458	34003
4458	64058
4458	76925
4458	88072
4458	88072
4458	108206
4458	116158
4458	116158
4458	116158
4458	116158
4458	125252
4458	126594
4458	134534
4458	134534
4458	138493
4458	154873
4458	154873
4458	154873
4458	154873
4458	154873
4458	158907
4458	159413
4458	164850
4458	164850
4458	164850
4458	165955
4458	165955
4458	165955
4458	180401
4458	186725
4458	188042
4458	189586
4458	201781
4458	201781
4458	201906
4458	201906
4458	202515
4458	209175
4458	212684
4458	224810
4458	224810
4458	224810
4458	249360
4458	253548
4458	255872
4458	255872
4459	24916
4459	27985
4459	41146
4459	41146
4459	46407
4459	46407
4459	50547
4459	52653
4459	56442
4459	56442
4459	56852
4459	56852
4459	61042
4459	61042
4459	81863
4459	81863
4459	81863
4459	81863
4459	85906
4459	85906
4459	85906
4459	87240
4459	99523
4459	99523
4459	99523
4459	101456
4459	101456
4459	101456
4459	101456
4459	103124
4459	103124
4459	127361
4459	134179
4459	134179
4459	140408
4459	140408
4459	140408
4459	140408
4459	140408
4459	140408
4459	142271
4459	142271
4459	142271
4459	171025
4459	171025
4459	173388
4459	173388
4459	173388
4459	173388
4459	173388
4459	188783
4459	204744
4459	229209
4459	229209
4459	229209
4459	229209
4459	236265
4460	25045
4460	50554
4460	50554
4460	50554
4460	53861
4460	53861
4460	56853
4460	56853
4460	58308
4460	58308
4461	4633
4461	4633
4461	4633
4461	4633
4461	7907
4461	7907
4461	7907
4461	22950
4461	31280
4461	31280
4461	52817
4461	58527
4461	61957
4461	61957
4461	61957
4461	65015
4461	66354
4461	68848
4461	77700
4461	77700
4461	77700
4461	77700
4461	77700
4461	101605
4461	101605
4461	101605
4461	101605
4461	101605
4461	109922
4461	109922
4461	115167
4461	118694
4461	118694
4461	118694
4461	118694
4461	118694
4461	118694
4461	118694
4461	118694
4461	118694
4461	118694
4461	118694
4461	137765
4461	144995
4461	144995
4461	144995
4461	144995
4461	145594
4461	150256
4461	152006
4461	152006
4461	152006
4461	152006
4461	152006
4461	152006
4461	152006
4461	152006
4461	153052
4461	162683
4461	162683
4461	187181
4461	204836
4462	11950
4462	13369
4462	13369
4462	40467
4462	40467
4462	46642
4462	48820
4462	48820
4462	48820
4462	48820
4462	48820
4462	48820
4462	59425
4462	73256
4462	74406
4462	86842
4462	86842
4467	17553
4467	34350
4467	81278
4467	81278
4467	81278
4467	83575
4467	103164
4468	5401
4468	11203
4468	11203
4468	11203
4468	11203
4468	11203
4468	11203
4468	11203
4468	11203
4468	26217
4468	26217
4468	71859
4468	74349
4468	99439
4468	110174
4468	118550
4468	118550
4468	119996
4468	119996
4468	121116
4468	121116
4468	121116
4469	12244
4469	22775
4469	42384
4469	42384
4469	43724
4469	43724
4469	152894
4469	152894
4469	155903
4469	226375
4469	226375
4469	226375
4470	15691
4470	15691
4470	15691
4470	15691
4470	42454
4470	54194
4470	54194
4471	54263
4471	145304
4471	145304
4471	145304
4471	145304
4471	148276
4471	165724
4471	165724
4471	165724
4471	165724
4471	165724
4471	165724
4471	165724
4472	26597
4472	55325
4472	73642
4472	73642
4472	95865
4472	109092
4472	128706
4472	128706
4472	128706
4472	128706
4472	131479
4472	139083
4472	139083
4472	157225
4472	157225
4472	157225
4472	157225
4472	176335
4472	190935
4472	190935
4472	190935
4472	190935
4472	212709
4472	220435
4472	220435
4472	220846
4472	220846
4473	2184
4473	56360
4473	56360
4473	82624
4473	136783
4473	150433
4473	150433
4473	167077
4473	192095
4473	201993
4473	246599
4473	246599
4473	246599
4473	246599
4473	246599
4474	5773
4474	5773
4474	5773
4474	5773
4474	5773
4474	5773
4474	5773
4474	5773
4474	23740
4474	23740
4474	33757
4474	102081
4474	132481
4474	135575
4474	157037
4474	225627
4475	4676
4475	4676
4475	34236
4476	3281
4476	3281
4476	6515
4476	56637
4476	76714
4476	76714
4476	76714
4476	89439
4476	89439
4476	89439
4476	96353
4476	135194
4476	145716
4476	145716
4476	145716
4477	18102
4477	18652
4477	18652
4477	70823
4477	70823
4477	82632
4477	85138
4477	120653
4477	189258
4478	6674
4478	10390
4478	10390
4478	10390
4478	10545
4478	10545
4478	53072
4478	58474
4478	71159
4478	150712
4478	165445
4478	165445
4478	175147
4478	179970
4480	10009
4480	10009
4480	20863
4480	26303
4480	26303
4480	29887
4480	37262
4480	37262
4480	37262
4480	39502
4480	39502
4480	39502
4480	56716
4480	57853
4480	65716
4480	148808
4480	205033
4480	205033
4480	214426
4481	2328
4481	30396
4481	30396
4482	109
4482	10012
4482	11765
4482	11765
4482	11765
4482	21699
4482	38004
4482	38004
4482	42801
4482	47228
4482	49663
4482	57649
4482	59122
4482	59122
4482	59122
4482	59122
4482	76465
4482	78875
4482	91530
4482	91530
4482	91530
4482	101594
4482	101594
4482	101594
4482	114403
4482	114403
4482	114403
4482	114403
4482	120755
4482	120755
4482	120755
4482	120755
4482	132772
4482	132772
4482	132772
4482	132772
4482	158840
4482	214258
4482	223168
4482	223168
4482	223168
4482	223168
4482	223168
4482	223168
4482	223168
4482	223168
4482	223168
4482	223168
4482	232871
4482	232871
4483	30135
4483	41588
4483	41588
4483	41588
4483	41588
4483	41588
4483	46166
4483	67677
4483	95037
4483	99606
4483	99606
4483	99606
4483	102097
4483	102097
4483	106865
4483	106865
4484	30349
4484	30349
4484	30349
4484	85613
4484	87717
4484	147007
4484	147007
4485	1100
4485	1100
4485	85150
4485	85150
4485	85150
4485	89295
4485	90914
4485	93824
4485	93824
4485	99052
4485	105044
4485	105044
4485	113089
4485	128980
4485	164398
4485	188069
4485	207161
4485	207161
4485	207161
4485	207161
4485	213699
4485	213699
4485	213699
4485	232479
4486	19566
4486	20554
4486	40517
4486	53609
4486	59975
4486	66812
4486	68027
4486	68027
4486	114459
4486	114459
4486	114459
4486	153700
4486	164484
4486	189127
4486	191054
4486	191054
4486	199644
4486	206535
4486	234411
4486	234411
4486	234411
4486	234411
4487	4470
4487	4470
4487	10331
4487	10331
4487	41692
4487	41692
4487	41692
4487	41692
4487	97567
4487	185398
4487	196266
4487	196266
4487	196266
4487	236242
4488	2674
4488	2674
4488	12552
4488	35750
4488	38679
4488	38679
4488	38679
4488	38679
4488	38679
4488	38679
4488	38679
4488	48810
4488	48810
4488	67910
4488	67910
4488	70623
4488	76616
4488	76616
4488	107661
4488	109020
4488	109966
4488	119215
4488	119215
4488	128927
4488	128927
4488	128927
4488	176598
4488	176598
4488	188803
4488	188803
4488	188803
4488	188803
4488	188803
4488	188803
4488	199636
4488	202388
4488	204571
4488	204571
4488	204571
4488	206722
4488	206722
4488	211815
4488	216366
4489	8229
4489	20361
4489	24882
4489	24882
4489	57444
4489	61593
4489	61593
4489	61593
4489	63164
4489	114153
4489	114153
4489	120231
4489	120231
4489	120231
4489	120231
4489	120231
4489	122100
4489	122100
4489	140031
4489	163390
4489	163390
4489	165916
4489	165916
4489	165916
4489	167245
4489	167245
4489	173119
4489	189198
4489	189633
4489	203089
4489	203089
4489	224699
4489	224699
4489	224699
4489	224699
4489	224699
4490	678
4490	87055
4490	87055
4490	90573
4490	101024
4490	105590
4490	105590
4490	105590
4490	106319
4490	124231
4490	124231
4490	156481
4501	18343
4501	18343
4501	18343
4501	18343
4501	18343
4502	3091
4502	4748
4502	14585
4502	14585
4502	14585
4502	14585
4502	14585
4502	14585
4503	3643
4503	5063
4503	13820
4503	13820
4503	51015
4503	51015
4503	51015
4503	51015
4503	73478
4503	83708
4503	83708
4503	83708
4503	83708
4503	86462
4503	91582
4503	97590
4503	132610
4503	150191
4504	2760
4504	2760
4504	9507
4504	9507
4504	25977
4504	34027
4504	34027
4504	34027
4504	38875
4504	38875
4504	55244
4504	58939
4504	68218
4504	80019
4504	84151
4504	85390
4504	85390
4504	105143
4504	116317
4504	116317
4504	116317
4504	117447
4504	122025
4504	140447
4504	140447
4504	140447
4506	13259
4506	13259
4507	1328
4507	1328
4507	1328
4507	1328
4507	1328
4508	59934
4508	114256
4509	109821
4510	19710
4510	19710
4510	39652
4510	46506
4510	46520
4510	46520
4510	46520
4510	85870
4510	111584
4510	111584
4510	135933
4511	2159
4511	27963
4512	9643
4512	9643
4512	9643
4513	5602
4513	5602
4513	8676
4513	8676
4513	8676
4513	11589
4513	11589
4513	11589
4513	18849
4513	22339
4513	22339
4513	22339
4513	43947
4513	43947
4513	117219
4513	121383
4513	121383
4513	138119
4513	138119
4513	175629
4513	176536
4513	190090
4513	190090
4513	191838
4513	191838
4513	198880
4514	1908
4514	1908
4514	1908
4514	5367
4514	18115
4514	48405
4514	48405
4514	48405
4514	64052
4514	64507
4514	67606
4514	67606
4514	81608
4514	81608
4514	81608
4515	25980
4515	25980
4515	120012
4515	121187
4515	121187
4515	121187
4515	121187
4516	7924
4516	22798
4516	70147
4516	70147
4516	84468
4516	84468
4516	120761
4516	120761
4516	120761
4516	139337
4516	145843
4516	145843
4516	156321
4516	164521
4516	186451
4517	47083
4517	47083
4517	84475
4517	126811
4517	149342
4517	159200
4517	168921
4517	168921
4517	168921
4517	168921
4517	176203
4518	8598
4518	8598
4518	8598
4518	8598
4518	8598
4518	11469
4518	14534
4518	16515
4518	18358
4518	36137
4518	76173
4518	100750
4518	102197
4518	102197
4518	102197
4518	106047
4518	106047
4518	106047
4518	117406
4518	117406
4518	117406
4518	129625
4518	129625
4518	145888
4518	145888
4518	153652
4518	153652
4518	223083
4518	223083
4519	3974
4519	35666
4519	35666
4519	126847
4519	142784
4519	172702
4519	172702
4520	7900
4520	7900
4520	7900
4520	76061
4520	114517
4520	120508
4520	120508
4520	138989
4520	138989
4520	138989
4520	138989
4520	138989
4520	138989
4520	138989
4520	138989
4520	138989
4520	140426
4520	140426
4520	140426
4520	144142
4520	164568
4520	193780
4520	210737
4520	210737
4521	15151
4521	30222
4521	30222
4521	47119
4521	77897
4521	77897
4521	115406
4521	115406
4521	115406
4521	121024
4521	128762
4521	186918
4523	65648
4523	83688
4523	83688
4523	83688
4523	83688
4523	83688
4523	85440
4523	85440
4523	138940
4523	139244
4523	139244
4523	139244
4523	162726
4523	176872
4523	176872
4523	217264
4524	50749
4524	79435
4524	79435
4524	170462
4524	172561
4524	172561
4524	172561
4524	172561
4524	172561
4524	174811
4524	174811
4524	196994
4524	202586
4524	205469
4524	210307
4525	8917
4525	8917
4525	8917
4525	20284
4525	26553
4525	26553
4525	57767
4525	57767
4525	77800
4525	108879
4525	141007
4526	3592
4526	36898
4526	61201
4526	61201
4526	61201
4526	72003
4526	133903
4526	133903
4526	208574
4527	20268
4527	47502
4527	47502
4527	47502
4527	54394
4527	55478
4527	55478
4527	55478
4527	55478
4527	55478
4527	55478
4527	77503
4527	121347
4527	121347
4527	121347
4527	124578
4527	142469
4527	142469
4527	154461
4527	154461
4527	154461
4527	154992
4527	194554
4527	194554
4527	194554
4528	12070
4528	12070
4528	49518
4528	58620
4528	82377
4528	82377
4528	82377
4528	82377
4528	145279
4528	145279
4528	153244
4528	153244
4528	153244
4528	187900
4528	213865
4529	4795
4529	51335
4529	57036
4529	57036
4529	60991
4529	101528
4529	101528
4529	106165
4529	125991
4529	125991
4529	126930
4529	129915
4529	144442
4529	148233
4529	148233
4529	148233
4529	179421
4529	179421
4529	212119
4530	2748
4530	2748
4530	2748
4530	33487
4530	86066
4530	86066
4530	142174
4530	142345
4530	153331
4530	153331
4530	162844
4530	162844
4530	171208
4531	2818
4531	6404
4531	6404
4531	24378
4531	24378
4531	27181
4531	27181
4531	30359
4531	33814
4531	57464
4531	74536
4531	74536
4531	74536
4531	112247
4531	142974
4531	143244
4531	143244
4531	151446
4531	151446
4531	151446
4531	180257
4531	180257
4531	180257
4531	198092
4531	202404
4531	202404
4531	202404
4531	213139
4531	213139
4531	213139
4532	13019
4532	13019
4532	13019
4532	22360
4532	22360
4532	22360
4532	22360
4532	22360
4532	34556
4532	34556
4532	34556
4532	69497
4532	69497
4532	74094
4532	79617
4532	79617
4532	81049
4532	112881
4532	112881
4532	112881
4532	112881
4532	133837
4532	133837
4532	133837
4533	15894
4533	15894
4533	15894
4533	15894
4533	17688
4533	17688
4533	17688
4533	26179
4533	26179
4533	74955
4533	113299
4533	114585
4533	124637
4533	178564
4533	187869
4533	187869
4533	187869
4533	187869
4533	187869
4533	187869
4534	22335
4554	1326
4554	10567
4554	77737
4554	81916
4554	95785
4554	95785
4554	95785
4554	157717
4554	180498
4555	19766
4555	19766
4555	19766
4555	26881
4555	26881
4555	55247
4555	55247
4555	101279
4555	101279
4555	101279
4555	110579
4555	149630
4555	149630
4555	149630
4555	158702
4555	221615
4556	4330
4556	46185
4556	70101
4556	114668
4556	114668
4556	115796
4556	115796
4556	115796
4556	130656
4556	131224
4556	211123
4556	211123
4556	211123
4557	26651
4557	26651
4557	92715
4557	92715
4557	92715
4557	92715
4557	112100
4557	112100
4557	112100
4557	126206
4563	127354
4563	136720
4563	182012
4564	2205
4564	19545
4564	35605
4564	35605
4564	42257
4564	52058
4564	52058
4564	52058
4564	52058
4564	52058
4564	52058
4564	52058
4564	52058
4564	58119
4564	64921
4564	206925
4564	216974
4564	216974
4565	11040
4565	16819
4565	16819
4565	16819
4565	16819
4565	16819
4565	31341
4565	34279
4565	34279
4565	75264
4565	75264
4565	75264
4565	75466
4565	75466
4565	80710
4565	80710
4565	85107
4565	85107
4565	103490
4565	139849
4565	184971
4565	184971
4565	184971
4565	184971
4565	184971
4565	187716
4566	14993
4566	14993
4566	14993
4566	14993
4566	22684
4566	22684
4566	22684
4566	34989
4566	34989
4566	81471
4566	81471
4566	100076
4566	201431
4566	207555
4566	207555
4567	46254
4567	46254
4567	46254
4567	99461
4567	137669
4567	208822
4568	39266
4568	41254
4568	56692
4568	56692
4568	61111
4568	61111
4568	61111
4568	61111
4568	71933
4568	111710
4568	111710
4568	113929
4568	114731
4568	114731
4568	114731
4568	128593
4568	128593
4568	128593
4568	171222
4568	180630
4569	17193
4569	24240
4569	24240
4569	24240
4569	24240
4569	49821
4569	49821
4569	63135
4569	70672
4569	70672
4569	70672
4569	70672
4569	70672
4569	70672
4569	70672
4569	73372
4569	77845
4569	77845
4569	81973
4569	106139
4569	106139
4569	114558
4569	114558
4569	151570
4569	158666
4569	159461
4569	200848
4570	4068
4570	4068
4570	4068
4570	37047
4570	37047
4570	37047
4570	37047
4570	37047
4570	37047
4570	37047
4570	140788
4570	140788
4570	140788
4570	140788
4570	156720
4570	165851
4570	171152
4570	186630
4570	197659
4570	202273
4571	85932
4571	85932
4571	87717
4571	87717
4571	87717
4571	87717
4571	87717
4571	87717
4571	87717
4571	87717
4571	87717
4571	87717
4571	87717
4571	87717
4571	119988
4571	146313
4571	152693
4571	152693
4571	152693
4571	153908
4571	153908
4571	153908
4571	165121
4571	165121
4571	167222
4571	167222
4571	168514
4571	189795
4571	201356
4571	204293
4572	4577
4572	14041
4572	31001
4572	31001
4572	31001
4572	31001
4572	85565
4572	85809
4572	85809
4572	123089
4572	123089
4572	132573
4572	142725
4572	142725
4572	187047
4572	213819
4572	213819
4572	213819
4572	214378
4572	214378
4573	22647
4573	28239
4573	34183
4573	38597
4573	53952
4573	57395
4574	5461
4574	31929
4574	63062
4574	63062
4574	71693
4574	106310
4574	109582
4574	109582
4574	109582
4574	128250
4574	140133
4574	154434
4574	154434
4574	154434
4575	10383
4575	10383
4575	10972
4575	12488
4575	12488
4575	12488
4575	25443
4575	38135
4575	39433
4575	39433
4575	72244
4575	87459
4575	87459
4575	87805
4575	114735
4575	130286
4575	130286
4575	176671
4576	23707
4576	23707
4576	26306
4576	31621
4576	46847
4576	46847
4576	46847
4576	55235
4576	59792
4576	63073
4576	63073
4576	94103
4576	94103
4576	132263
4576	162578
4576	162578
4576	171195
4579	17620
4579	21767
4579	29021
4579	32173
4579	32173
4579	35463
4580	14790
4580	14790
4580	16492
4580	16492
4580	16492
4580	16492
4580	57764
4580	86680
4580	86816
4580	86816
4580	86816
4580	91302
4580	91302
4580	91302
4580	91302
4580	91302
4580	94604
4580	94604
4580	94604
4580	94604
4580	94604
4580	94604
4580	94604
4580	94604
4580	119474
4580	131812
4580	131812
4580	131812
4580	131812
4580	135409
4580	135409
4580	135409
4580	140235
4580	140235
4580	166231
4580	166231
4580	169805
4580	179081
4581	375
4581	19286
4581	23143
4581	34677
4581	34677
4582	4140
4582	4140
4582	4140
4582	39363
4582	39363
4583	14715
4583	30590
4583	54524
4583	67461
4583	67461
4583	80149
4583	84225
4583	99012
4583	99012
4583	99012
4583	106836
4583	106836
4583	108640
4583	108640
4584	293
4584	1949
4584	1949
4584	8984
4584	33152
4584	33152
4584	33152
4584	81017
4584	81017
4584	81017
4584	81017
4584	81017
4584	82690
4584	82690
4585	32064
4585	57226
4585	87553
4585	110506
4585	117887
4585	146285
4585	146285
4585	146285
4585	146285
4585	146285
4585	146285
4585	169295
4585	173457
4585	173457
4585	182960
4585	188150
4585	188150
4586	4794
4586	4794
4586	4794
4586	4794
4586	7538
4586	7609
4586	7609
4586	30266
4586	33845
4586	33845
4586	56994
4586	96545
4586	96862
4586	118611
4586	120780
4586	124940
4586	124940
4586	136407
4586	147245
4586	183465
4586	191145
4586	203175
4587	48637
4587	52730
4587	52730
4587	52730
4587	59399
4587	59399
4587	59399
4587	59399
4587	59399
4587	59399
4587	59399
4587	59399
4587	59399
4587	77700
4587	77700
4587	77700
4587	77700
4587	122367
4587	151177
4587	153069
4587	153069
4587	153069
4587	153069
4587	153069
4587	153069
4587	153069
4587	153069
4587	153069
4587	153069
4587	162026
4587	175875
4587	189959
4587	189959
4587	203719
4587	213761
4588	16079
4588	16079
4588	16079
4588	23835
4588	38386
4588	38386
4588	41613
4588	41613
4588	41613
4588	42169
4588	45876
4588	52001
4588	52001
4588	52001
4588	71264
4588	92869
4588	122880
4588	122880
4588	122880
4588	129232
4588	141524
4588	145034
4588	174394
4588	174394
4588	206534
4588	206534
4588	206534
4588	206534
4588	206534
4588	206534
4588	208150
4588	208150
4588	208150
4588	208150
4588	209053
4589	10135
4589	26340
4589	37193
4589	37193
4589	64146
4589	67694
4589	94569
4589	94569
4589	94569
4589	106474
4589	114444
4589	114444
4589	129814
4589	131877
4589	131877
4589	137088
4589	139096
4589	147872
4589	148512
4596	8488
4596	28945
4596	30346
4596	30346
4597	47751
4597	47751
4597	50293
4597	87175
4597	87175
4597	87175
4597	87175
4597	87175
4597	87175
4597	87175
4597	98016
4597	100264
4597	109308
4597	109308
4597	131350
4597	151376
4597	163290
4598	2353
4598	2353
4598	2353
4598	2353
4598	2353
4598	4859
4598	28093
4598	28093
4598	28093
4598	28093
4598	31707
4598	33470
4598	35085
4598	73128
4598	81816
4598	81816
4598	81816
4598	81942
4598	90431
4598	90431
4598	94366
4598	95514
4598	95514
4598	98453
4598	98453
4598	111816
4598	111816
4598	136777
4598	160593
4598	182804
4598	198009
4598	198009
4598	198129
4598	198129
4598	198129
4599	22101
4599	22101
4599	22804
4599	44302
4599	80219
4599	87319
4599	87319
4599	98352
4599	134336
4599	134336
4599	134684
4599	134684
4599	139660
4599	139660
4599	139997
4599	139997
4599	155113
4599	155113
4599	169405
4600	3143
4600	76138
4600	76138
4600	76138
4600	76138
4600	76138
4600	76373
4600	76373
4600	76373
4600	91222
4600	91222
4600	91222
4600	104900
4600	148980
4600	148980
4600	148980
4600	148980
4600	148980
4600	158751
4600	158751
4600	158751
4600	158751
4600	160828
4600	160828
4600	160828
4601	4637
4601	4637
4601	4637
4601	4637
4601	4637
4601	4637
4601	28608
4601	28608
4601	29271
4601	80473
4601	80473
4601	80473
4601	80473
4601	102639
4601	106290
4601	107887
4601	107887
4601	107887
4601	107887
4601	120843
4601	144280
4601	172660
4601	172660
4601	180833
4601	203888
4601	205743
4601	226377
4602	37052
4602	42031
4602	42031
4602	42031
4602	81165
4602	81165
4602	81165
4602	81489
4602	81489
4602	81489
4602	83303
4602	88555
4602	97579
4602	107816
4602	117624
4602	117624
4602	117624
4602	117624
4602	119072
4602	119072
4602	123744
4602	123744
4602	123744
4602	156599
4602	175326
4602	184468
4602	184468
4602	184468
4602	184468
4602	192892
4602	192892
4602	192892
4602	192892
4603	37756
4603	42703
4603	58271
4603	61532
4603	61532
4603	93250
4603	93250
4603	93250
4603	93250
4603	93250
4603	93250
4603	93250
4603	93250
4603	93250
4603	93250
4603	93250
4603	93250
4603	93250
4603	93250
4603	93250
4604	20773
4604	64172
4604	64172
4604	67607
4604	83350
4604	109762
4604	109762
4604	128177
4604	134913
4604	161133
4604	191646
4604	209273
4604	209273
4604	210784
4604	210784
4605	7642
4605	12231
4605	20151
4605	34588
4605	35373
4605	35373
4605	50181
4605	63294
4606	44614
4606	45072
4606	45072
4606	45072
4606	45072
4606	47471
4606	47471
4606	56600
4607	5188
4607	5188
4607	5188
4607	5188
4607	5188
4607	5188
4607	5188
4607	5188
4607	6350
4608	21715
4608	26899
4608	26899
4608	35850
4608	44406
4608	49311
4608	49311
4608	49311
4608	54369
4608	54791
4608	57732
4608	57732
4608	57732
4608	62502
4608	80925
4608	100272
4609	7436
4609	13785
4609	13785
4609	13785
4609	13785
4609	13785
4609	20493
4609	42247
4609	50862
4609	50862
4609	69243
4609	69243
4609	69243
4609	88261
4609	96664
4609	96664
4609	108177
4609	108177
4609	108177
4609	173463
4609	173463
4610	42097
4610	47336
4610	123729
4610	123729
4610	123729
4610	123729
4610	137719
4610	140652
4610	149532
4610	149532
4610	207629
4610	207629
4610	207629
4610	207629
4611	3629
4611	3755
4611	3840
4611	11701
4611	11701
4611	24870
4611	57997
4611	57997
4611	65436
4611	68507
4611	104103
4611	104103
4611	104103
4611	104103
4611	109004
4611	109004
4611	109004
4611	109004
4611	151862
4611	204722
4611	204722
4611	204722
4611	204722
4611	204722
4611	204722
4611	204722
4611	204722
4611	218128
4612	16872
4612	16872
4613	3670
4613	44408
4613	44408
4613	44408
4613	44408
4613	44408
4613	44408
4614	10236
4614	10236
4614	10236
4614	10236
4614	18559
4614	18559
4614	18559
4614	63125
4614	63125
4614	70723
4614	86845
4614	86845
4614	86845
4614	86845
4614	86845
4614	86845
4614	86845
4614	86845
4614	86845
4614	86845
4614	103752
4614	121590
4614	121590
4614	121590
4616	9526
4616	9526
4616	9526
4616	29398
4616	29398
4616	29398
4616	29398
4616	29398
4616	45846
4616	45846
4616	45846
4616	45846
4616	45846
4616	45846
4616	45846
4616	54953
4616	54953
4617	100293
4617	100293
4617	101726
4617	118461
4620	19068
4620	22339
4620	27718
4620	29546
4620	34131
4620	35332
4620	35332
4620	41280
4620	42434
4620	62851
4620	70356
4620	79727
4620	84317
4620	88374
4620	88374
4620	88374
4620	90155
4620	100935
4620	105085
4620	105085
4620	109178
4620	116070
4620	126999
4620	129153
4620	137912
4620	137912
4620	137912
4620	137912
4620	137912
4620	137912
4620	137912
4620	137912
4620	137912
4620	174730
4620	179010
4620	179010
4620	179010
4620	179010
4620	179010
4620	179010
4620	179010
4620	179010
4620	190573
4620	190573
4620	190573
4620	192276
4620	192276
4620	192276
4620	192276
4620	192276
4620	192276
4620	206252
4620	209688
4620	212012
4620	212012
4621	17472
4621	17472
4621	38935
4621	38935
4621	38935
4621	38935
4621	59357
4621	61832
4621	61832
4621	61832
4621	61832
4621	61832
4621	61832
4621	61832
4621	61832
4621	86879
4621	86879
4621	106336
4621	107636
4621	135825
4621	148451
4621	162359
4622	9269
4622	19026
4622	19026
4622	19026
4622	19903
4622	21525
4622	21525
4623	32451
4624	5859
4624	61889
4624	61889
4624	133042
4624	156461
4624	156461
4624	206007
4624	222496
4624	224526
4625	149818
4625	151985
4625	166996
4625	187733
4628	14089
4628	14089
4628	14089
4628	14089
4628	14089
4628	34977
4628	34977
4628	34977
4628	34977
4629	16981
4629	38635
4629	38635
4629	38635
4629	38635
4629	41151
4629	45771
4629	45771
4629	74063
4629	116385
4629	135235
4631	4077
4631	20469
4631	149278
4631	149278
4631	160971
4631	174379
4631	174379
4631	174379
4631	174379
4631	174379
4631	174379
4631	174379
4631	174379
4631	174379
4631	174379
4631	174379
4631	174379
4631	174379
4631	174379
4631	243985
4632	46526
4632	46610
4632	46610
4632	46610
4632	46610
4632	46610
4632	46610
4632	46610
4632	98834
4632	106590
4632	129719
4632	142392
4632	143238
4632	143238
4632	143238
4632	148582
4632	181487
4633	86268
4633	86268
4633	119519
4633	203655
4633	203655
4633	208894
4634	102013
4634	119109
4634	119109
4634	119109
4634	119109
4634	119109
4634	119109
4634	119109
4634	126092
4634	141943
4634	141943
4634	141943
4637	1411
4637	1411
4637	1411
4637	2809
4637	16801
4637	16801
4637	19861
4637	23625
4637	39927
4637	43289
4637	66937
4637	73572
4637	73572
4637	73572
4638	15979
4638	15979
4638	15979
4638	15979
4638	15979
4638	15979
4638	33430
4638	65827
4638	71139
4638	71139
4638	71139
4638	95839
4638	95839
4638	100449
4638	103229
4638	103229
4638	124997
4638	129043
4638	129043
4638	164974
4639	7021
4639	7021
4639	32940
4639	32940
4639	32940
4639	32940
4639	32940
4639	32940
4639	53468
4639	58271
4639	58271
4639	58271
4640	2337
4641	53195
4641	53195
4641	66383
4641	66383
4641	66383
4641	66383
4641	123980
4641	135897
4641	135897
4641	135897
4641	135897
4642	995
4642	995
4642	19118
4642	19118
4644	13542
4644	13542
4644	13542
4644	13542
4644	23617
4644	80293
4645	21389
4645	21389
4645	21389
4645	21389
4645	21389
4645	21389
4645	21389
4645	21389
4645	21389
4645	61418
4646	14784
4646	14784
4646	14784
4646	14784
4646	45489
4646	51386
4646	55383
4646	55383
4646	55383
4646	55383
4646	55383
4646	55383
4646	55383
4646	86350
4646	86350
4646	86350
4646	86350
4646	86350
4646	86350
4646	86350
4646	86350
4646	86350
4646	107807
4647	1085
4647	18369
4647	18369
4647	18369
4647	52709
4650	119073
4650	130615
4650	181816
4650	190140
4651	60643
4651	70763
4651	70763
4651	135984
4651	159067
4651	159067
4651	159067
4651	172591
4652	67915
4653	41070
4654	43577
4654	43577
4654	43577
4654	43577
4654	43577
4654	54039
4654	54039
4654	58706
4654	58706
4656	1979
4656	1979
4656	21118
4656	63215
4656	82631
4656	82631
4656	82631
4656	82631
4656	95564
4656	95564
4656	95564
4656	95630
4656	100664
4656	100664
4656	100664
4656	156707
4656	161388
4656	168002
4656	169181
4656	190732
4656	191626
4656	191626
4656	191626
4656	191626
4657	6320
4657	6644
4657	6644
4657	6644
4657	9615
4657	20934
4657	20934
4657	20934
4657	68661
4657	68661
4657	83572
4657	84943
4657	117286
4657	117286
4657	128238
4657	128238
4657	128238
4657	145788
4657	168780
4657	169838
4657	170040
4657	171860
4657	171860
4657	171860
4657	171860
4657	171860
4657	171860
4657	179078
4657	179078
4657	179078
4657	179078
4657	179078
4657	179078
4658	17878
4658	17878
4658	17878
4658	17878
4658	17878
4658	17878
4658	29010
4658	29010
4658	40413
4658	40413
4658	40413
4658	61671
4658	72961
4658	72961
4658	72961
4658	72961
4658	72961
4658	72961
4658	72961
4658	97585
4658	97585
4658	113413
4658	153686
4658	167990
4658	167990
4658	168476
4658	168476
4658	170673
4658	170673
4658	170673
4658	175829
4658	175829
4658	176489
4658	183894
4658	207451
4659	16022
4659	42686
4659	42686
4659	42686
4659	42686
4659	58485
4659	58962
4659	79638
4659	79638
4659	79638
4659	88872
4659	88872
4659	88872
4659	88872
4659	154942
4659	154942
4659	177501
4659	187073
4659	187073
4659	190651
4659	214632
4659	214632
4659	214632
4659	214632
4659	214632
4659	214632
4660	1690
4660	20295
4660	20295
4660	20295
4660	24574
4660	26805
4660	26823
4660	32243
4660	42376
4660	68440
4660	92671
4660	92671
4660	92671
4660	92671
4660	92671
4660	92671
4661	6376
4661	6511
4661	6511
4661	6511
4661	14667
4661	35305
4661	44113
4661	65596
4661	65596
4661	67019
4661	68182
4661	89998
4661	91329
4661	91329
4661	91329
4661	91329
4661	91329
4661	91329
4661	91329
4661	91329
4661	116900
4661	116900
4661	129229
4661	129229
4661	141402
4661	141402
4661	146499
4661	177320
4661	177320
4661	186104
4661	186104
4661	186104
4661	186104
4661	198171
4661	198171
4661	205394
4661	205394
4661	220018
4661	231249
4661	231249
4661	231249
4661	234144
4662	969
4662	8996
4662	8996
4662	21538
4662	38035
4662	38035
4662	38035
4662	38035
4662	38035
4662	52056
4662	85798
4662	119568
4662	119568
4662	119568
4662	129882
4662	148822
4662	168778
4662	168778
4662	177169
4662	177169
4662	177169
4662	178733
4662	178733
4662	178733
4662	181693
4662	181693
4662	188202
4662	192112
4662	220997
4663	31023
4663	41319
4663	42498
4663	82037
4663	128708
4663	128708
4663	128708
4663	139908
4663	142207
4663	189002
4663	189002
4663	189002
4663	189002
4663	203730
4664	6903
4664	6903
4664	6903
4664	6903
4664	6903
4664	11071
4664	11071
4664	11071
4664	11071
4664	11071
4664	11071
4664	11071
4664	11071
4664	11071
4664	11071
4664	11071
4664	11071
4664	11071
4664	11071
4664	11071
4664	11071
4664	12794
4664	13987
4664	13987
4664	13987
4664	35460
4664	35460
4664	35460
4664	45596
4664	45596
4664	45596
4664	45596
4664	130897
4664	145084
4664	145084
4664	184841
4665	10182
4665	15313
4665	15610
4665	17628
4665	35627
4665	71570
4665	78889
4665	91745
4665	96366
4665	137063
4665	137063
4665	137465
4665	154897
4665	154897
4665	181756
4665	195245
4665	201073
4666	23766
4666	42009
4666	42009
4666	42009
4668	50104
4668	50104
4668	51047
4668	84568
4668	84568
4668	84568
4668	100779
4668	100779
4668	100779
4668	100976
4668	100976
4668	100976
4668	137006
4668	137006
4668	138803
4668	138803
4668	138803
4668	171987
4668	203620
4668	203620
4668	212273
4668	212273
4668	212273
4668	212273
4668	212273
4668	212273
4668	213971
4669	16047
4669	16047
4669	22456
4669	29554
4669	57710
4669	57710
4669	57710
4669	58972
4669	78539
4669	101425
4669	105110
4669	115310
4670	10288
4670	10288
4670	29958
4670	57652
4671	5632
4671	5632
4671	56451
4671	70065
4672	72162
4672	72162
4672	72162
4672	72162
4672	74338
4672	118201
4672	149905
4672	155466
4672	175194
4672	175194
4672	179226
4672	189696
4673	1428
4673	11254
4673	76752
4673	76752
4673	76752
4673	95542
4673	118836
4674	7896
4674	25043
4674	50689
4674	50689
4674	55705
4674	90757
4674	95599
4674	95599
4674	118660
4674	144926
4674	144926
4674	144926
4674	144926
4674	153942
4674	164274
4674	191486
4674	199952
4674	200988
4674	202269
4674	202269
4675	6112
4675	9139
4675	25360
4675	25360
4675	25360
4675	34894
4675	40286
4675	94160
4675	94160
4675	94160
4675	94160
4675	94160
4675	98417
4675	102593
4675	102593
4675	102593
4675	140436
4675	144909
4675	145823
4675	145823
4675	145823
4675	160498
4675	160498
4675	160498
4675	161331
4675	161331
4675	225628
4675	228929
4676	21428
4677	13754
4677	16772
4677	16772
4677	21415
4677	21989
4677	26264
4677	38846
4677	63520
4677	73141
4677	103585
4677	149798
4677	151173
4677	233206
4677	233206
4678	1407
4678	1407
4678	1407
4678	51448
4678	107154
4678	131805
4678	131805
4678	131805
4678	131805
4678	131805
4678	131805
4678	140565
4678	140565
4678	157993
4678	157993
4678	157993
4678	158100
4678	165765
4678	186559
4678	190205
4678	190205
4678	196337
4678	196337
4681	17504
4681	17504
4681	45642
4681	46781
4681	46781
4681	46781
4681	57715
4681	60466
4681	80679
4681	137169
4681	149648
4681	230680
4682	33033
4682	41135
4682	67970
4683	36766
4683	50288
4683	51038
4683	63755
4683	63755
4683	76516
4683	76516
4684	1757
4684	1757
4684	1757
4684	29736
4684	54344
4684	86462
4684	91598
4684	99044
4684	99044
4684	99044
4684	114865
4684	149355
4684	182161
4684	182161
4684	207271
4685	22644
4685	22644
4685	34504
4685	34504
4685	34504
4685	56219
4685	106642
4685	106642
4685	106642
4685	162481
4685	162481
4686	777
4686	28251
4686	39843
4686	56070
4686	97257
4686	97257
4686	219429
4687	15951
4687	30417
4687	30417
4687	52919
4687	97368
4687	97368
4690	13715
4690	13715
4690	45179
4690	75736
4690	79030
4690	91945
4690	118368
4690	118368
4690	118368
4690	135679
4691	33921
4691	37532
4691	37532
4691	68391
4691	68391
4691	68391
4691	68391
4691	72028
4691	134688
4691	144598
4691	144598
4691	144598
4691	144598
4691	158175
4691	167228
4691	167228
4691	167228
4691	167228
4691	167228
4691	209252
4692	6656
4692	9091
4692	33975
4692	33975
4692	33975
4692	33975
4692	47629
4692	47629
4692	47629
4692	52942
4692	52942
4692	56528
4692	117450
4692	117450
4692	127698
4692	127698
4692	161191
4692	161578
4692	161578
4692	169197
4692	169197
4692	169197
4692	169197
4692	195340
4692	195340
4693	2702
4693	14562
4693	24916
4693	24916
4693	24916
4693	24916
4693	24916
4693	30442
4693	30442
4693	43938
4693	43938
4693	49901
4693	67637
4693	82115
4693	133644
4693	133644
4693	142562
4693	143312
4693	143312
4693	143312
4693	143372
4693	143372
4693	143372
4693	143372
4693	143529
4693	144004
4693	181097
4693	182461
4693	192014
4693	203044
4693	203044
4694	11226
4694	11226
4694	16715
4694	17303
4694	18820
4694	18820
4694	46954
4694	46954
4694	89384
4694	89384
4694	125494
4694	147146
4694	163953
4694	181794
4694	181794
4694	186051
4694	186051
4695	5616
4695	13011
4695	13011
4695	13011
4695	13128
4695	13128
4695	31421
4695	60495
4695	60495
4695	60495
4695	60495
4695	72658
4695	72658
4695	73802
4695	73802
4695	100956
4695	103076
4695	103500
4695	106124
4695	108734
4695	115516
4695	123984
4695	123984
4695	133741
4695	143356
4695	143356
4696	66314
4696	71016
4696	94441
4696	95244
4696	95244
4696	95244
4696	110871
4697	3650
4697	12564
4697	31345
4697	43859
4697	43859
4697	45644
4697	45644
4697	45644
4697	72881
4697	72881
4697	72881
4697	72881
4697	72881
4697	72881
4697	130249
4697	180297
4697	216124
4698	8665
4698	8665
4698	64920
4698	67336
4698	72871
4698	72871
4698	87123
4698	87172
4698	92541
4698	92541
4698	105744
4698	212683
4698	212683
4698	214226
4698	221971
4698	225489
4698	226324
4698	233243
4698	233243
4699	36562
4699	36562
4699	36562
4699	84195
4699	158871
4699	158871
4699	220470
4699	220470
4699	221026
4700	11766
4700	23459
4700	28335
4700	85699
4700	87583
4700	89042
4700	117459
4700	126598
4700	126598
4700	126598
4700	126598
4700	126598
4700	126840
4700	145025
4700	145025
4700	145025
4700	159054
4700	170315
4700	170315
4701	16258
4701	16258
4701	16258
4701	16258
4701	16258
4701	16258
4701	35214
4701	35327
4701	71350
4701	71350
4701	72016
4702	34619
4702	34619
4702	47505
4703	98231
4703	98231
4703	98231
4703	98231
4703	98231
4703	98231
4703	98231
4703	99239
4703	99239
4703	99239
4703	112342
4703	112480
4703	152572
4703	155032
4703	155032
4703	155032
4703	155032
4703	155032
4703	155032
4703	155032
4703	155032
4704	24835
4704	24835
4704	24835
4704	24835
4704	140122
4704	140523
4704	194514
4705	17028
4705	36493
4705	36493
4705	36493
4705	36493
4705	36493
4705	36493
4705	36493
4705	38416
4705	38416
4705	49136
4705	55758
4705	55758
4705	55758
4705	57600
4705	81271
4705	81271
4705	122306
4705	137434
4705	137434
4705	148148
4705	148148
4705	148148
4705	172821
4705	172821
4705	172821
4705	172821
4705	172821
4705	180023
4705	203787
4705	203787
4705	203787
4705	203787
4705	205975
4705	217557
4705	217557
4705	217557
4706	91233
4706	91233
4706	91233
4706	91233
4706	91233
4706	91233
4706	91233
4706	147131
4706	151552
4706	182653
4706	190525
4706	190525
4706	211230
4707	1081
4707	1081
4707	23362
4707	34831
4707	57060
4707	88185
4707	88185
4707	88185
4707	112482
4707	134514
4707	137379
4707	163081
