0 1869.608285 0.020661
1 0.523708 0.149306
2 -0.001159 0.000372
3 3.039602 0.022344
4 2.821846 0.021483
5 40.616811 0.179720
6 1888.750000 0.000000
7 0.188123 0.000000
8 4.389010 0.000000
9 -0.880016 0.052754
10 0.381168 0.004105
11 7.200350 0.073351
12 79.186446 0.588120
13 0.002876 0.000606
14 4.704761 0.000000
15 9.017986 0.000000
16 -31.562197 0.531486
17 4.132512 0.217531
18 1888.750000 0.000000
19 -1.363022 0.000000
20 -3.885855 1.930159
21 224.204005 3.336646
22 49986.890263 6172.619820
23 2489.246435 2.848731
24 207.015385 0.803727
25 1609.991335 0.000000
26 -2038.378560 0.000000
27 -179.927654 0.000000
28 0.000000 0.000000
29 2273.107959 0.000000
