0 1869.587006 0.012334
1 0.425450 0.158493
2 -0.001266 0.000398
3 2.956747 0.015129
4 2.803238 0.015643
5 40.199455 0.161189
6 1888.750000 0.000000
7 4.926301 0.032530
8 14.885313 80.841720
9 -0.944703 0.043437
10 0.397582 0.002065
11 6.830597 0.038897
12 76.256836 0.333774
13 0.002836 0.000606
14 -499782.936443 710952.431574
15 9.018019 8.374041
16 -4.074145 0.218048
17 2.145453 0.083464
18 1888.750000 0.000000
19 -1.363022 841.470203
20 11.639863 1.829569
21 197.993451 1.767671
22 652374.428851 5635.841767
23 2933.144153 0.431921
24 235.967719 0.091254
25 1609.991335 2130.090001
26 -2038.378560 3841.848448
27 -179.927654 827.738049
28 -479.425539 479.425539
29 2273.107959 8194.431796
