0 1870.000000 0.000667
1 -0.999978 0.039191
2 0.000258 0.000345
3 2.769488 0.012322
4 2.439941 0.014469
5 38.446372 0.152146
6 1888.750000 0.000000
7 0.000086 0.000001
8 1.000000 0.000434
9 0.603409 0.002832
10 7.245682 0.023476
11 63.618396 0.207996
12 -0.004230 0.000423
13 0.112796 0.001111
14 79.999810 0.197237
15 -0.888249 0.105090
16 1888.750000 0.000000
17 -0.000000 1.009896
18 169.943745 2.545612
19 -602.520446 10.165969
20 2865.003016 1.401579
21 285.879568 0.400697
22 739.111996 4.308914
23 -227.201157 24.334646
24 129.736827 109.921290
25 2.110241 0.064018
26 104.839915 10.161526
