23207	125478
23207	133455
23216	82499
23216	82499
23216	98092
23217	70877
23217	70877
23217	111355
23217	116281
23217	123833
23217	129196
23217	140839
23217	171095
23218	138399
23219	38429
23219	120215
23219	151074
23220	90569
23220	90569
23220	114628
23220	119724
23220	133499
23220	136178
23227	106062
23227	117142
23231	15113
23232	17912
23232	39200
23232	86274
23232	131115
23233	5256
23233	20706
23233	36548
23233	97053
23233	130875
23234	10414
23234	115837
23234	163976
23234	166726
23235	63798
23235	98107
23235	151320
23236	40808
23236	40808
23237	34936
23237	64352
23238	13539
23238	40983
23238	84907
23238	152260
23240	6921
23240	6921
23240	32927
23240	97638
23240	97638
23240	97638
23240	97638
23240	104189
23241	19836
23241	134259
23241	145252
23246	1102
23246	1102
23246	15752
23246	100731
23246	101770
23247	8277
23247	17347
23247	29258
23247	29258
23247	47221
23247	153088
23247	153088
23248	16162
23248	34928
23248	91854
23248	92676
23248	151372
23248	168307
23942	91827
23942	128532
23942	128532
23942	164036
23942	185230
23942	185230
23942	186604
23942	205243
23942	218299
23942	264631
23941	8256
23941	13099
23941	94793
23941	105030
23941	111207
23941	131195
23941	139753
23941	163693
23941	191940
23941	214062
23940	60739
23940	140486
23940	164144
23940	205018
23937	38571
23937	104155
23937	203654
23937	203654
23937	229800
23937	229800
23937	288981
23937	292553
23937	316802
23936	9842
23936	46388
23936	46388
23936	51363
23936	59882
23936	144075
23936	175167
23936	206507
23936	231869
23933	71879
23933	93668
23933	134718
23929	34044
23929	42417
23929	91658
23929	91658
23929	123724
23929	168026
23928	11569
23928	31181
23928	47263
23928	79761
23928	110875
23928	191781
23928	229230
23927	20163
23927	171528
23927	200740
23927	235056
23926	50280
23926	50280
23926	58898
23926	119784
23926	188019
23925	27474
23923	73198
23923	246588
23922	26581
23922	98392
23922	99092
23922	99092
23922	103990
23922	119191
23922	167021
23921	65027
23919	31208
23913	8380
23913	33668
23913	45530
23910	47085
23910	66631
23905	14804
23905	20542
23905	55016
23905	76154
23905	99895
23905	136083
23905	238486
23904	66681
23904	78855
23904	83489
23904	142496
23904	204558
23904	206607
23904	209929
23904	232211
23904	232401
23904	239809
23904	239809
23904	239809
23904	240172
23904	253542
23904	267983
23904	267983
23904	289876
23904	304013
23903	45091
23903	50935
23903	117989
23903	199730
23900	20803
23900	55145
23900	55145
23900	80070
23900	90931
23900	99154
23900	212965
23900	214880
23899	98062
23899	185841
23899	195802
23899	202520
23899	239457
23899	253489
23898	8305
23898	13756
23898	14401
23898	22538
23898	104327
23898	119671
23898	139773
23898	179933
23898	210334
23898	236012
23898	288442
23898	302578
23898	310723
23898	310723
23898	313252
23897	4782
23897	4782
23897	23081
23897	84133
23897	106339
23897	123914
23897	177750
23897	184046
23897	188110
23897	225366
23897	251675
23895	39298
23895	57654
23895	155477
23895	177560
23895	182875
23895	246824
23894	49119
23894	102024
23893	35914
23893	35914
23893	42249
23893	99376
23893	105356
23893	119063
23893	130746
23893	135400
23893	146754
23893	231254
23893	276198
23886	2500
23886	22771
23886	108060
23883	28933
23883	129409
23883	140751
23883	151211
23883	170442
23883	181478
23883	183272
23883	216466
23882	15468
23882	18394
23881	34851
23881	81993
23881	83235
23881	114352
23881	153249
23881	177934
23878	4561
23877	27996
23877	39185
23877	71020
23877	78366
23877	135071
23877	139851
23877	216476
23877	250512
23877	270936
23877	277450
23876	126666
23876	241002
23872	7476
23872	21777
23872	21777
23872	25442
23872	37554
23872	37554
23872	74818
23872	87523
23872	99161
23872	120920
23872	123966
23872	141086
23872	203787
23872	209689
23872	209689
23872	275821
23872	293999
23872	303422
23869	69785
23869	79092
23869	85461
23869	122872
23869	151160
23869	168771
23869	192827
23869	274155
23869	280145
23868	46788
23868	56847
23868	92374
23868	140707
23868	140707
23868	141586
23868	231125
23867	33255
23867	41761
23867	77773
23867	103745
23867	170738
23867	177996
23867	212130
23867	213654
23867	233270
23867	244026
23867	252798
23867	282092
23861	22091
23861	97413
23861	97950
23861	99566
23861	127990
23861	219706
23861	247888
23861	248453
23861	254371
23861	254514
23861	256042
23860	44663
23860	71212
23860	74877
23860	123653
23860	126880
23860	156553
23860	163750
23860	230666
23860	271357
23859	43385
23859	51820
23859	92311
23859	127089
23859	140323
23859	151385
23859	166657
23859	231811
23859	256603
23858	108839
23858	129546
23858	165595
23838	63828
23838	125474
23838	135496
23836	11122
23836	20358
23836	35089
23836	89035
23836	106568
23836	127626
23836	149918
23836	196157
23836	236752
23836	290823
23835	64097
23835	77969
23835	85331
23835	191510
23835	217938
23835	258234
23835	258234
23835	268268
23834	2228
23834	25551
23834	62395
23834	113867
23834	178629
23834	200842
23834	206836
23834	234813
23834	241450
23833	23557
23833	91158
23833	131778
23833	136455
23833	154766
23833	159219
23831	6234
23831	117417
23831	168615
23831	206790
23831	208276
23831	230723
23831	230723
23830	38082
23830	52621
23830	114069
23830	175911
23830	178568
23830	240825
23829	36941
23829	68119
23829	76799
23829	78850
23829	117581
23829	207089
23829	211439
23828	58456
23828	162957
23828	255914
23828	275255
23826	10682
23826	82056
23826	163821
23826	182070
23826	182070
23826	242754
23825	202378
23825	202378
23824	71538
23823	16105
23823	50793
23823	162872
23823	188428
23823	207604
23823	233612
23822	8767
23822	68063
23820	99434
23820	111224
23820	189475
23820	271310
23819	18265
23819	21331
23819	155666
23819	282746
23819	305234
23817	9822
23817	133661
23817	136120
23817	153566
23817	220005
23817	284416
23814	5336
23814	123288
23814	123288
23814	179444
23813	46448
23813	67899
23813	68090
23813	135590
23812	45370
23812	63005
23811	10651
23811	95001
23811	130925
23811	154064
23811	164129
23811	176602
23810	108028
23810	185636
23809	80764
23809	86837
23809	107591
23759	44784
23759	82577
23757	76526
23757	161000
23756	49741
23755	12549
23755	75597
23755	122883
23755	148160
23749	21154
23749	131428
23749	182854
23748	80016
23748	137421
23748	184512
23748	195891
23747	122728
23747	122728
23746	101044
23746	101044
23727	61316
23727	61316
23727	86955
23725	28458
23725	78929
23725	98785
23724	7728
23724	34645
23724	70398
23724	70398
23724	112945
23724	112945
23724	123042
23724	135684
23724	135840
23724	150917
23723	50996
23723	51093
23723	183251
23722	48845
23722	63567
23722	109490
23722	117947
23722	152831
23722	253096
23722	277626
23722	279200
23722	288469
23722	307301
23722	307301
23721	3731
23721	36162
23721	36162
23721	45958
23721	126143
23721	197150
23721	246994
23714	10861
23714	39116
23714	48006
23714	48006
23714	73332
23713	14159
23713	50416
23713	65941
23713	75474
23713	100722
23713	113268
23713	125277
23713	125677
23713	184218
23712	8575
23712	8575
23712	75164
23712	84052
23712	190223
23712	212522
23712	214264
23712	214264
23712	214855
23712	259635
23712	278203
23712	282536
23712	282536
23712	288112
23710	13702
23710	118140
23710	148664
23709	45905
23709	48511
23709	65348
23709	82019
23709	119400
23709	122751
23709	122751
23709	126851
23709	149001
23709	177657
23708	11793
23708	20558
23708	43138
23708	55505
23708	60826
23708	70811
23708	73554
23708	113995
23708	167623
23708	174120
23708	194302
23708	194302
23708	232550
23707	38403
23707	43014
23707	96033
23707	176779
23707	176779
23704	43212
23704	61377
23704	63441
23704	63441
23704	114159
23704	153864
23704	176400
23704	236383
23704	243423
23704	300612
23703	84629
23703	98319
23703	109013
23703	170491
23703	200618
23703	222215
23703	241690
23703	254103
23703	254103
23703	256031
23703	275527
23703	291356
23702	8496
23702	50609
23702	50646
23702	93303
23702	255322
23702	264401
23702	288197
23702	292055
23702	300958
23696	13840
23696	31902
23696	32927
23696	61718
23696	84241
23696	105614
23696	105614
23696	123984
23696	186460
23696	188514
23696	203984
23696	243844
23696	256003
23696	262811
23696	266630
23695	5743
23695	18776
23695	27178
23695	72953
23695	164063
23695	164063
23695	223173
23695	226860
23695	251349
23694	44580
23694	47236
23694	47236
23694	95114
23694	95114
23694	180179
23693	11986
23693	64529
23693	80411
23693	80856
23693	230395
23693	256955
23693	260429
23691	42452
23691	42452
23691	57384
23691	70742
23691	116687
23691	175235
23691	175235
23691	185719
23691	187561
23691	187561
23691	198784
23691	198784
23691	224136
23691	273127
23691	290544
23691	297659
23691	307114
23689	11997
23689	107222
23689	114185
23689	125543
23689	177362
23689	265740
23688	6979
23688	17046
23688	98500
23688	133063
23688	138970
23688	199079
23688	246027
23688	285297
23688	290897
23681	11396
23679	26539
23679	128954
23679	134865
23679	156927
23679	198954
23678	10832
23678	55582
23678	121265
23678	129102
23678	134535
23678	205202
23678	276733
23678	285728
23678	294630
23677	40163
23677	53305
23677	111411
23677	157633
23677	237145
23677	274165
23675	2161
23675	31620
23673	13704
23673	15701
23669	26710
23668	37026
23668	108821
23668	159643
23668	202524
23668	234569
23667	38439
23667	46730
23667	50003
23667	134775
23667	143013
23667	161515
23667	237509
23667	272238
23666	2056
23666	49631
23666	59732
23665	527
23665	19075
23663	33175
23663	79460
23662	91223
23662	97807
23662	108944
23662	116213
23658	179353
23657	12863
23657	22700
23657	228750
23656	9189
23656	80258
23656	88694
23643	3380
23642	40085
23642	55163
23642	107929
23642	108743
23642	139314
23642	320900
23642	337672
23640	54471
23640	73218
23640	78640
23640	151939
23640	156538
23640	253961
23639	47
23639	6500
23639	14577
23636	1826
23636	23177
23636	62854
23636	66966
23636	87272
23636	95043
23636	95043
23636	143196
23636	207339
23636	311057
23636	326275
23635	6937
23635	8203
23635	11127
23635	22456
23635	33111
23635	46564
23635	47751
23635	76414
23635	101087
23635	117015
23635	119955
23635	124764
23635	210456
23635	212693
23635	252231
23635	297717
23635	313834
23635	315165
23635	338026
23635	346267
23632	93521
23632	93521
23632	93521
23632	97440
23632	139905
23632	236181
23632	269070
23626	34638
23626	106177
23626	126067
23626	134375
23567	27003
23565	21916
23565	80527
23565	188404
23565	190077
23564	82502
23564	155289
23564	204841
23563	48938
23563	54158
23563	60635
23563	127091
23563	163633
23563	200240
23563	201669
23563	234368
23562	9222
23562	23996
23562	23996
23562	45552
23562	57912
23562	57912
23562	101909
23562	151899
23562	157512
23562	235256
23562	265118
23562	267512
23560	16942
23560	21667
23560	24696
23560	34444
23560	52455
23560	86195
23560	95328
23560	143936
23560	143936
23560	163203
23560	169859
23560	216209
23560	258139
23559	12430
23559	18228
23559	37244
23559	53100
23558	65593
23558	71900
23558	87749
23558	100063
23558	126284
23558	135783
23558	178802
23558	224308
23557	5130
23557	72885
23557	80229
23557	82237
23557	93251
23557	101282
23557	131241
23557	136471
23557	182676
23557	200875
23557	200875
23556	47589
23556	48499
23556	221711
23548	52628
23547	90732
23547	131631
23547	159684
23546	44364
23546	51027
23546	91651
23546	111767
23546	139795
23546	198368
23545	8114
23545	24741
23545	36962
23545	62626
23545	68814
23545	83661
23545	83661
23545	176065
23543	73968
23543	102253
23543	105233
23543	113740
23543	147122
23543	167504
23543	175884
23543	187231
23540	14987
23540	42359
23540	126011
23540	135375
23540	251235
23540	261688
23539	31186
23539	34997
23539	74688
23539	78721
23539	210972
23539	210972
23539	211266
23539	274922
23539	291671
23539	292115
23538	6514
23538	23320
23538	35175
23538	77748
23538	77748
23538	77748
23538	77748
23538	81909
23538	132723
23538	191176
23538	214844
23538	214844
23538	251408
23538	254681
23538	286423
23538	286423
23536	23141
23536	49584
23536	69095
23536	96801
23536	116619
23536	121025
23536	177597
23536	191010
23533	84307
23533	102237
23532	53028
23532	76512
23532	76512
23532	76512
23532	82276
23531	22652
23530	132807
23526	22771
23526	32873
23526	53482
23526	63249
23526	69789
23526	69789
23526	94947
23526	94947
23525	7297
23525	96712
23525	128398
23520	2756
23520	13236
23520	55878
23520	55878
23520	106809
23519	53340
23519	70407
23519	74910
23519	123780
23519	141871
23518	18535
23518	30159
23518	66734
23517	11850
23517	22570
23517	124261
23517	140337
23515	84713
23515	120893
23514	20339
23514	25300
23514	25300
23514	44998
23514	98639
23514	125357
23514	137028
23514	149901
23513	10171
23513	11644
23513	33022
23513	143127
23512	20486
23512	21739
23509	14017
23509	24502
23509	29604
23508	34310
23508	45745
23508	66223
23508	92897
23507	7201
23507	52577
23507	59528
23507	75606
23506	28006
23506	93584
23506	97780
23504	53959
23504	73350
23504	100209
23504	113201
23503	8301
23503	24290
23503	41822
23503	49188
23503	60585
23503	65542
23503	74342
23502	6860
23502	48317
23502	67002
23500	3014
23500	14989
23500	43062
23498	2812
23498	20877
23498	146559
23496	17960
23496	135964
23495	16436
23495	16548
23495	90313
23495	119240
23495	142190
23483	27195
23483	32817
23483	53953
23482	11862
23482	72512
23482	102254
23481	137882
23480	95354
23479	13807
23478	8749
23478	33099
23478	34808
23478	105475
23478	113340
23478	138791
23478	151319
23471	76270
23471	105960
23471	142510
23471	149132
23471	149132
23470	36923
23470	41092
23470	126720
23470	150655
23469	17527
23469	17527
23468	45123
23467	41289
23467	48990
23466	25671
23466	40244
23466	69450
23466	80736
23466	99478
23466	105523
23465	29044
23465	108724
23465	133652
23464	64561
23464	88524
23464	123471
23464	138318
23463	54714
23463	66861
23463	90307
23463	98719
23463	117505
23462	43963
23462	145517
23461	31307
23461	38061
23460	23820
23460	109765
23459	28744
23459	55876
23459	145463
23458	6636
23458	39168
23458	92149
23458	98075
23458	143654
23457	36983
23457	103547
23457	118233
23457	118233
23457	146085
23456	5118
23456	45897
23456	90596
23456	112243
23455	35496
23455	38793
23455	96484
23455	102253
23455	106766
23455	106766
23454	35131
23454	41116
23454	93734
23453	2991
23453	15414
23453	35084
23453	65333
23453	78218
23453	82969
23453	147681
23452	11070
23452	15777
23452	60486
23452	91354
23452	114715
23449	3083
23449	7418
23449	57906
23449	59659
23449	113009
23445	120885
23445	133962
23444	50912
23444	78600
23444	95311
23444	108207
23444	125618
23444	152497
23443	56136
23443	56136
23443	62899
23443	69233
23443	87887
23443	120221
23443	130002
23442	17552
23442	96101
23442	142111
23441	26137
23441	102193
23441	140699
23441	140699
23441	145809
23440	6068
23440	45100
23440	73743
23440	80808
23440	122075
23440	133795
23440	139532
23440	146110
23439	56213
23438	127646
23438	145694
23438	146720
23437	34391
23437	34391
23436	8793
23435	4230
23435	45707
23435	60351
23435	98507
23435	102878
23429	106419
23428	116645
23428	137975
23427	684
23427	103351
23426	103167
23426	114900
23425	25720
23425	56469
23425	109649
23424	29784
23423	8905
23423	61756
23423	124757
23422	92239
23421	28711
23420	44910
23420	77557
23420	77557
23420	79365
23418	57845
23418	79121
23418	84059
23418	115755
23417	1079
23417	20170
23416	1354
23416	100191
23416	107063
23415	94619
23414	366
23414	4717
23414	11067
23413	34837
23413	48647
23413	142357
23412	3371
23411	60134
23359	36091
23359	71208
23359	98048
23358	107213
23358	113335
23358	125368
23357	19172
23357	77808
23357	78179
23355	15218
23353	45288
23353	49352
23353	117992
23353	123481
23353	151736
23352	812
23352	43400
23352	70499
23352	84789
23352	101601
23351	108317
23351	108317
23351	108856
23351	108856
23351	148954
23351	153061
23350	863
23350	16859
23350	16859
23350	26809
23350	67223
23349	22978
23349	103306
23349	128084
23348	60045
23348	60260
23348	62767
23348	80327
23348	90864
23348	114258
23347	13389
23347	27565
23347	70654
23347	73041
23347	116788
23347	131931
23346	3322
23346	50742
23346	69021
23346	112915
23345	41680
23345	69677
23345	113720
23342	1081
23342	19149
23342	36767
23342	50477
23342	85697
23341	2739
23341	3899
23341	109877
23340	30150
23340	76278
23340	128443
23340	134195
23338	9575
23334	19486
23334	34286
23333	72079
23333	127902
23333	136396
23332	117894
23332	127172
23332	130001
23332	149807
23331	49004
23331	97603
23331	118029
23331	146304
23330	49976
23330	52677
23330	57682
23330	79681
23330	137120
23329	39730
23329	96404
23328	45429
23328	108565
23327	15941
23327	46088
23327	79812
23327	98933
23326	52787
23326	113943
23326	116965
23326	142091
23325	49249
23325	60656
23325	63926
23325	105624
23325	129840
23325	147551
23324	42450
23324	45791
23324	46976
23324	46976
23324	126723
23323	30171
23323	30930
23323	75492
23323	80616
23323	92787
23323	95936
23323	95936
23323	125204
23322	51393
23322	60696
23322	66169
23322	82668
23322	86560
23322	86560
23322	87140
23314	739
23314	2298
23313	14574
23312	14703
23312	51027
23312	123827
23311	140631
23311	146516
23309	19421
23309	33562
23309	49314
23309	74185
23309	76318
23309	76318
23308	58434
23307	12465
23307	49730
23307	63151
23307	73687
23307	90173
23306	44253
23306	44253
23306	109262
23304	90283
23303	25756
23303	130609
23302	9067
23302	42072
23302	72021
23302	125101
23302	146644
23301	123259
23300	91977
23300	140206
23289	2725
23289	50366
23289	63616
23286	6915
23286	8180
23285	30439
23285	30439
23285	144062
23284	123213
23283	3883
23283	137772
23283	144789
23282	57543
23282	71282
23281	15913
23281	15913
23281	71208
23281	117405
23281	146829
23281	192236
23280	28402
23280	86723
23280	94848
23280	163122
23280	174734
23280	175323
23279	33460
23279	40104
23273	48721
23273	48721
23272	70921
23272	163583
23271	36771
23271	60850
23255	4621
23255	150350
23255	150350
23255	160484
23254	7171
23254	22164
23254	44738
23254	64705
23254	78251
23254	129347
23254	198128
23253	28483
23253	61104
23253	61104
23253	73248
23253	103043
23253	104438
23253	112339
23252	10739
23251	42278
23251	94671
23251	118893
23251	131794
23251	141782
24835	10414
24835	26933
24835	65181
24835	100910
24835	133750
24835	225929
24835	225929
24835	348488
24835	362427
24836	20204
24836	39402
24836	65865
24836	85109
24836	147617
24836	171976
24836	200070
24836	210972
24836	298347
24836	315039
24836	355835
24837	7770
24837	66069
24837	107578
24837	118925
24837	170247
24837	170247
24837	217995
24837	225429
24837	225429
24837	251231
24838	294970
24838	305110
24838	314403
24838	332527
24838	395052
24839	26013
24839	63431
24839	63431
24839	88574
24839	144406
24839	182345
24839	195355
24839	248577
24839	288829
24839	323752
24839	336447
24839	340893
24839	391527
24839	393229
24841	137318
24841	196382
24841	206265
24841	221274
24841	226428
24841	256966
24841	360718
24841	377653
24841	377653
24842	13168
24842	141615
24842	214765
24842	362498
24843	67316
24843	89307
24844	84157
24844	325630
24845	98291
24845	107600
24845	190610
24845	257314
24845	351597
24845	352797
24850	127869
24850	133108
24851	14610
24851	47597
24851	118979
24851	130180
24851	147426
24851	205872
24851	230909
24851	230909
24851	304706
24851	330714
24851	400763
24859	26787
24859	35415
24859	35571
24859	41077
24859	81384
24859	130197
24859	169916
24859	189522
24859	190184
24864	12582
24864	30153
24864	30153
24864	34786
24865	66670
24865	241307
24865	289699
24865	289699
24865	306374
24865	315494
24865	315494
24866	40129
24866	41618
24866	79645
24866	86361
24866	163421
24866	163421
24866	163793
24866	200825
24866	201793
24866	287374
24866	299726
24866	330888
24866	330888
24867	9932
24867	13241
24867	21921
24867	26546
24867	41667
24867	77859
24867	83021
24867	89293
24867	89640
24867	122536
24867	122536
24867	136329
24867	150731
24867	168491
24867	168491
24867	213334
24867	216110
24867	272208
24867	278427
24867	299325
24867	314874
24867	393975
24870	106320
24870	278061
24870	278061
24871	67736
24871	108777
24871	133055
24871	133055
24872	3611
24872	117261
24872	119298
24872	306241
24872	320306
24872	327455
24872	330178
24872	347975
24872	347975
24872	365243
24876	13488
24876	13488
24876	96615
24876	210934
24876	256302
24878	4527
24878	23187
24878	78674
24888	4563
24888	4563
24888	17380
24888	20464
24888	24864
24888	26378
24888	36858
24888	50798
24888	68072
24888	69550
24888	77024
24888	90228
24888	148138
24888	164051
24888	279937
24888	313688
24888	318818
24888	322443
24888	331447
24888	331447
24888	370761
24888	375937
24889	6389
24889	7331
24889	16582
24889	17992
24889	18196
24889	46653
24889	49989
24889	49989
24889	114899
24889	151484
24889	156460
24889	197566
24889	217365
24889	217365
24889	232380
24889	247522
24889	265812
24889	268435
24889	284355
24889	284355
24889	325003
24889	362349
24889	362349
24889	370012
24889	380048
24889	381621
24890	12724
24890	29456
24890	63221
24890	109189
24890	150920
24890	157622
24890	222215
24890	226840
24890	309500
24890	316445
24890	319429
24890	384617
24892	43511
24892	44570
24892	105498
24892	153135
24892	171383
24892	171383
24892	176566
24892	176566
24892	186952
24892	191258
24892	199759
24892	213381
24892	228945
24892	304026
24892	320675
24892	327166
24892	340555
24892	348901
24892	350043
24892	350160
24892	360921
24893	5633
24893	24814
24893	64445
24893	97244
24893	116971
24893	125496
24893	279457
24893	316290
24893	355007
24894	39672
24895	47760
24895	49938
24895	100026
24895	109675
24895	133298
24895	184685
24895	204036
24895	246334
24895	261337
24895	261337
24895	298270
24895	299679
24895	300265
24897	9664
24897	16228
24897	174135
24897	195598
24897	196690
24897	217025
24897	221594
24897	231553
24897	235306
24897	239991
24897	297908
24897	297908
24897	353534
24897	354760
24898	4593
24898	13732
24898	113969
24898	138281
24898	146144
24898	191759
24898	200510
24898	225499
24898	255226
24898	297705
24898	299497
24898	300769
24898	303010
24898	306845
24899	51263
24899	61278
24899	115145
24899	115145
24899	117455
24899	125999
24899	131476
24900	2795
24900	2845
24900	121009
24900	149455
24900	166638
24900	169590
24900	194747
24900	195740
24900	207107
24900	207107
24900	219116
24900	226419
24900	226451
24900	268489
24900	268489
24900	281137
24900	305635
24900	309126
24900	309605
24900	347986
24900	356747
24901	56918
24901	72887
24901	72887
24901	74473
24901	95163
24901	99058
24903	18795
24903	95488
24903	140218
24903	151654
24903	185987
24903	207925
24903	213622
24903	218619
24903	251158
24903	308192
24903	380585
24903	380585
24903	384991
24904	22279
24904	64267
24904	64267
24904	121220
24904	126161
24904	139218
24904	194555
24904	196286
24904	196286
24904	201518
24904	205232
24904	223085
24904	225722
24904	264909
24904	315543
24904	342606
24904	358929
24904	372554
24905	15307
24905	36229
24905	43877
24905	46337
24905	61939
24905	170907
24905	178808
24905	185764
24905	198731
24905	256742
24905	273596
24905	374408
24905	391099
24906	21802
24906	56969
24906	61463
24906	98713
24906	98713
24906	135955
24906	146562
24906	186174
24906	194158
24906	195625
24906	195625
24906	197927
24906	213361
24906	248831
24906	272426
24906	277436
24906	280587
24906	295111
24906	330566
24906	331549
24906	332468
24906	334676
24906	345654
24909	4091
24909	22734
24909	29912
24909	36096
24909	59530
24909	79595
24909	92085
24909	158570
24909	160269
24909	204058
24909	241603
24909	248566
24909	267685
24909	268706
24909	268706
24909	289682
24909	322048
24909	333661
24909	384478
24910	1192
24910	35868
24910	83668
24910	89284
24910	102957
24910	109086
24910	109086
24910	155231
24910	274272
24911	6640
24911	21815
24911	38359
24911	47607
24911	47607
24913	21995
24913	102934
24913	104663
24913	110377
24913	111045
24913	229712
24913	235940
24913	242371
24913	272180
24913	310184
24913	322930
24913	339837
24913	368840
24914	9341
24915	11723
24915	95211
24915	150575
24915	161103
24915	170324
24915	195658
24915	204833
24915	221426
24915	226182
24915	236862
24915	269969
24915	283142
24915	307197
24915	312231
24915	312231
24915	325620
24915	358861
24915	386175
24916	17173
24916	20382
24916	22563
24916	37497
24916	52658
24916	77424
24916	93991
24916	94778
25036	38901
25036	223815
25036	251232
25036	281160
25036	323479
25036	333025
25036	368835
25036	389214
25037	94166
25037	108922
25037	112010
25037	137051
25037	166100
25037	314631
25037	390143
25038	61665
25038	188025
25038	221364
25038	275207
25038	285739
25038	313943
25038	325926
25038	346095
25038	362194
25040	13117
25040	14364
25040	100826
25040	147241
25040	147241
25040	165456
25040	192455
25040	264322
25040	316216
25040	324334
25041	50997
25041	83290
25041	105226
25041	149812
25041	160312
25041	256618
25041	260352
25041	305716
25042	95285
25042	95285
25042	108629
25042	196422
25042	221270
25042	232082
25042	310563
25042	380603
25042	397924
25043	105931
25043	159083
25043	367160
25052	8641
25052	78540
25053	12910
25053	48515
25053	51445
25053	111753
25053	146593
25054	24003
25054	35705
25054	49598
25054	85162
25054	132146
25054	149988
25054	186415
25054	257036
25054	375005
25054	395604
25055	25587
25055	77302
25055	116701
25055	116701
25055	132951
25055	148788
25055	163884
25055	213991
25055	282784
25055	288228
25055	295361
25056	21397
25056	37519
25056	52092
25056	52092
25056	82685
25056	122368
25056	164141
25056	173385
25056	238236
25056	238236
25056	252985
25056	252985
25056	267698
25056	270380
25056	276639
25056	285377
25056	300580
25056	304569
25056	305723
25056	374386
25056	400135
25056	408570
25059	63412
25059	144196
25059	158349
25059	190320
25059	200532
25059	230026
25059	237107
25059	240748
25059	240748
25059	346704
25059	419127
25059	422406
25059	422406
25059	442698
25059	475942
25059	475942
25059	488039
25060	64172
25060	89924
25060	105232
25060	109143
25060	119434
25060	132364
25060	192458
25060	198848
25060	222231
25060	280503
25060	314827
25060	421758
25060	449143
25062	6254
25062	25663
25062	115252
25062	128424
25062	129190
25062	141775
25062	149188
25062	163300
25062	196893
25062	231668
25062	236575
25062	257682
25062	257682
25062	260669
25062	294111
25062	335761
25062	377267
25063	209829
25063	243684
25063	246621
25063	247860
25063	445329
25064	25983
25064	27664
25064	44363
25064	48396
25064	57049
25064	62108
25064	64537
25064	95742
25064	163389
25064	230536
25064	304796
25064	353638
25064	415204
25064	420718
25066	894
25066	285931
25066	291767
25066	387759
25066	428228
25066	434477
25066	457188
25067	74201
25067	88257
25068	60262
25068	97100
25068	116144
25068	123372
25068	144023
25068	178083
25068	191325
25068	346243
25068	347568
25068	357323
25068	375235
25068	388374
25068	450588
25069	6426
25069	13736
25069	49828
25069	151701
25069	161763
25070	13874
25070	29568
25070	104157
25070	121100
25070	125723
25071	12566
25071	48308
25071	171255
25071	183101
25074	43995
25074	50234
25074	143078
25074	322109
25074	377311
25074	406703
25074	441528
25074	441528
25074	441528
25074	464859
25075	44603
25075	59547
25075	73022
25076	42411
25076	72779
25076	105028
25076	288629
25076	304786
25076	339809
25076	340624
25076	384855
25076	384855
25076	410613
25076	455186
25076	472925
25076	473367
25078	18634
25078	135112
25078	144296
25078	165537
25078	183117
25078	313786
25078	331874
25078	344928
25078	375621
25078	404899
25078	411985
25078	411985
25078	429189
25078	431911
25078	433766
25078	434399
25078	437358
25078	443104
25079	10407
25079	29032
25079	71010
25079	149007
25079	172145
25079	176458
25079	193347
25079	266216
25079	418593
25079	433125
25079	492225
25085	59019
25085	85793
25085	148136
25085	148932
25085	175633
25085	217794
25086	24103
25086	25250
25086	37185
25087	69994
25087	81171
25087	246757
25087	309109
25089	20665
25089	83068
25089	83861
25089	118634
25089	139017
25089	139017
25089	230863
25089	241212
25089	283548
25089	322940
25089	357407
25089	360924
25089	366100
25089	372423
25089	413099
25089	413099
25089	420312
25089	423163
25090	32578
25090	37511
25090	58452
25090	116025
25090	122742
25090	233049
25103	13184
25103	36675
25103	49866
25103	49866
25104	15449
25104	21848
25104	47973
25104	65256
25104	107313
25104	120234
25104	179150
25104	270052
25104	276230
25104	293228
25104	333097
25104	340267
25104	365216
25104	467734
25104	473317
25105	7245
25105	15028
25105	20643
25105	37027
25105	64758
25105	66927
25105	162903
25105	186070
25105	263540
25105	265548
25105	311382
25105	366898
25105	439609
25106	91296
25106	96278
25106	211427
25106	267555
25106	267868
25106	320695
25106	353710
25106	392933
25106	424229
25106	424806
25108	78513
25108	78513
25108	145340
25108	151107
25108	211583
25108	226611
25108	239056
25108	269408
25108	324013
25108	393825
25108	399493
25108	411124
25109	172454
25109	225442
25109	277025
25110	4365
25110	25493
25110	25493
25110	25493
25110	41129
25110	43266
25110	122836
25110	138585
25111	6051
25111	17134
25111	116274
25111	144607
25111	230767
25111	244684
25111	247187
25111	341052
25111	350576
25111	435620
25111	441614
25111	441614
25111	469900
25114	4629
25114	66778
25114	78169
25114	89124
25114	102462
25114	170583
25114	183653
25114	225047
25114	407613
25114	443685
25114	444692
25114	451311
25114	478933
25116	77345
25116	90239
25116	202996
25116	207899
25126	158154
25126	167639
25126	196100
25126	198629
25126	222162
25126	267294
25126	321202
25126	356516
25126	369611
25126	385945
25126	389443
25126	389443
25126	402751
25126	412852
25126	424971
25126	442035
25127	7119
25127	90406
25127	113376
25127	113376
25127	129975
25127	239011
25127	272928
25127	315596
25127	326832
25127	360114
25127	380292
25127	396521
25128	94300
25128	104744
25128	128346
25128	131977
25128	135605
25128	170306
25128	240309
25128	266701
25128	345965
25128	451174
25129	30070
25129	51986
25129	51986
25129	72844
25130	105219
25130	132871
25130	162298
25130	167779
25130	190601
25130	190601
25130	197752
25130	210696
25130	230879
25130	230879
25130	246649
25130	295054
25130	386455
25130	386455
25130	387141
25130	414036
25133	6319
25133	22561
25133	45270
25133	58717
25133	189497
25133	193076
25133	239642
25133	240506
25133	250261
25133	291799
25133	393124
25133	408271
25133	475012
25133	477490
25134	19364
25134	33020
25134	57413
25134	59226
25134	77061
25134	144403
25135	13534
25135	91761
25135	165838
25135	218090
25135	239024
25135	320391
25135	321862
25136	1673
25136	7007
25137	23129
25137	134928
25137	139988
25137	187387
25137	191336
25137	287394
25139	953
25140	11097
25140	124752
25140	195169
25140	195169
25140	229727
25140	259397
25140	344772
25141	10533
25141	16403
25141	17583
25141	17583
25141	17583
25141	26246
25141	45135
25141	45135
25141	53733
25141	113164
25141	114898
25141	115255
25141	126002
25141	155072
25141	162957
25141	264524
25141	404487
25141	411437
25142	11145
25142	32570
25142	48127
25142	93481
25142	93955
25142	109440
25142	157533
25142	215333
25142	223984
25142	315197
25142	315197
25142	320113
25142	341790
25142	346833
25142	364077
25142	425692
25142	446021
25144	46922
25144	49312
25144	73725
25144	125510
25144	150491
25144	155175
25144	178440
25144	193113
25144	193113
25145	5347
25145	22547
25145	22629
25145	35012
25145	64413
25145	86152
25145	92122
25145	92122
25145	96084
25145	144959
25145	173992
25145	193064
25145	211466
25145	268239
25145	297985
25145	426350
25145	426350
25145	428250
25145	438897
25145	491703
25146	9094
25146	17931
25146	65588
25146	65588
25146	93975
25146	140104
25146	147690
25146	165687
25146	262343
25146	306743
25146	336186
25146	445695
25146	479904
25146	483000
25146	495603
25147	83461
25147	101823
25147	145567
25147	151057
25147	191697
25147	225163
25147	226171
25147	232974
25147	322642
25147	329691
25147	344538
25147	387116
25147	392426
25147	433046
25147	433046
25147	479599
25149	18450
25149	27622
25149	59064
25149	110553
25149	170614
25149	234487
25149	305956
25149	362077
25149	362077
25150	54820
25150	75681
25150	95693
25150	152884
25150	163266
25150	186819
25150	189267
25150	196138
25153	53254
25153	66759
25153	96977
25153	190576
25153	280813
25153	346481
25153	373921
25153	405772
25153	414325
25153	425984
25153	434883
25153	444188
25153	447354
25153	461560
25153	471176
25154	19835
25154	49226
25154	51465
25154	63341
25154	117435
25154	140536
25154	159702
25154	183426
25154	183426
25154	183426
25154	245493
25154	361672
25154	377627
25154	433455
25155	6197
25155	26864
25155	63889
25155	174397
25155	184916
25155	188198
25155	222466
25155	280135
25155	388341
25156	16357
25156	40477
25156	41400
25156	73739
25156	132459
25156	162143
25156	162143
25156	164704
25156	178314
25156	181056
25156	224618
25156	239237
25156	260805
25156	306458
25156	402110
25156	448349
25156	448349
25156	448349
25156	466575
25156	467329
25156	485975
25156	490628
25158	7014
25158	15517
25158	16753
25158	16753
25158	62195
25158	68886
25158	71666
25158	83312
25158	109650
25158	109650
25158	134196
25158	135531
25159	39342
25159	137034
25159	223818
25159	236462
25159	242255
25159	269516
25159	326225
25159	326225
25159	326225
25159	387066
25159	387066
25159	438973
25160	64738
25160	160334
25160	219173
25173	72977
25173	107845
25174	9213
25174	55626
25174	164011
25174	174496
25174	175986
25175	73998
25176	51611
25176	161793
25176	161793
25176	223738
25176	257483
25176	302517
25176	396305
25176	398577
25177	5047
25177	57153
25177	200838
25177	386047
25177	438298
25179	9712
25179	91040
25179	126205
25179	155065
25179	169597
25179	350609
25179	367646
25179	376461
25179	430886
25180	23521
25180	38775
25180	74403
25180	75832
25182	85957
25182	86193
25182	178147
25182	272589
25182	301478
25182	307410
25182	338913
25183	46415
25183	79847
25183	144031
25183	171892
25183	171892
25183	188624
25183	188624
25183	191297
25183	236177
25183	268831
25183	368977
25183	380751
25183	408523
25183	431920
25184	62554
25184	145692
25184	159224
25184	301784
25184	309895
25198	112981
25198	118793
25198	146173
25198	152581
25198	291826
25198	323851
25198	323851
25198	331656
25198	341309
25198	409219
25198	415977
25198	428477
25198	446168
25198	455218
25198	465280
25199	73215
25199	188599
25199	269076
25199	316264
25199	321442
25199	345716
25199	367136
25199	367136
25199	369298
25199	389913
25199	394432
25199	481663
25200	30720
25200	47423
25200	65244
25200	140812
25200	171582
25200	272604
25200	275352
25200	296085
25200	311807
25200	311807
25200	416757
25200	421598
25201	50316
25201	55174
25201	55548
25201	140848
25201	159763
25201	202433
25201	214951
25201	305959
25201	331309
25201	331309
25201	331905
25201	359238
25201	361671
25203	21716
25205	40302
25205	74558
25205	74558
25206	11508
25207	67826
25209	63047
25209	64527
25209	65995
25209	103674
25210	39851
25210	39851
25210	39851
25210	59208
25210	159357
25210	184116
25210	217224
25210	255674
25210	260254
25210	263762
25210	314166
25210	314166
25210	370935
25210	439758
25210	439873
25210	472977
25211	67228
25211	139206
25211	139206
25211	142901
25211	148584
25211	160964
25211	160964
25211	187120
25211	187120
25211	215359
25211	216598
25211	229691
25211	233552
25211	242498
25211	379435
25211	406114
25211	413317
25211	418073
25211	428680
25211	428680
25211	488761
25212	7438
25212	43346
25212	52653
25214	31056
25214	74498
25214	79463
25214	83642
25214	131248
25214	289287
25214	294892
25214	303726
25214	304448
25214	304919
25214	343242
25214	343486
25214	390783
25214	412991
25214	475341
25214	483761
25215	4
25215	25048
25215	25048
25215	219809
25215	244727
25215	249203
25215	260610
25215	298211
25215	298211
25215	367268
25215	401007
25215	432642
25215	453520
25216	100620
25216	128984
25216	210673
25216	213165
25216	214825
25216	238612
25216	352495
25216	352920
25216	368845
25216	416476
25216	473820
25217	28358
25217	52785
25217	72853
25217	112890
25217	117371
25217	147303
25217	155637
25217	216326
25217	225095
25217	260228
25217	289246
25217	359732
25217	378651
25219	24248
25219	71770
25219	107009
25219	143374
25219	206216
25219	216082
25219	254204
25219	291536
25219	325455
25219	341898
25219	361668
25219	381775
25219	469550
25220	77808
25220	154033
25220	201754
25220	253760
25220	259367
25220	273807
25221	79447
25221	159937
25222	70826
25222	83897
25222	87943
25222	142191
25222	191777
25223	27408
25223	90587
25223	128150
25223	128150
25223	261557
25223	274392
25223	281191
25223	292780
25223	292780
25223	325016
25223	325236
25223	328536
25223	328536
25223	346422
25223	352722
25223	363442
25223	377084
25223	384047
25223	384047
25223	404758
25223	415614
25223	441477
25225	12972
25225	181268
25225	189068
25225	210227
25225	241082
25225	256384
25226	38903
25226	40230
25226	88833
25226	97076
25226	120089
25226	150109
25226	159744
25226	170023
25226	174625
25226	177620
25226	177620
25226	212390
25226	251124
25226	284417
25226	326452
25226	336199
25226	339883
25226	341324
25226	368467
25226	368467
25226	402319
25226	424444
25226	463560
25226	466684
25227	9531
25227	43002
25227	51579
25227	89721
25227	90851
25227	134592
25227	154520
25227	160457
25227	174123
25227	178249
25227	182881
25227	201879
25227	286776
25227	294446
25227	294644
25227	367414
25227	386669
25227	394877
25227	398120
25227	422440
25227	448220
25227	474947
25227	474947
25228	4228
25228	79790
25228	139445
25228	243993
25228	293385
25228	293385
25228	418921
25228	490963
25230	27527
25230	27527
25230	37041
25230	71019
25230	73606
25230	112629
25230	115780
25230	116344
25230	118850
25230	244291
25230	296580
25230	296580
25230	412015
25230	412222
25230	412222
25230	412222
25230	448079
25231	46694
25231	46726
25231	52313
25231	56118
25233	54056
25233	68521
25233	115501
25233	157245
25233	257713
25233	279990
25233	283831
25236	19842
25236	40379
25236	60578
25236	64099
25236	83121
25236	88100
25236	184170
25236	206839
25236	222540
25236	224725
25236	235290
25236	236132
25236	249126
25236	374561
25236	385164
25236	386417
25236	430730
25236	454889
25237	4984
25237	21221
25237	50769
25237	68942
25237	104389
25237	109697
25237	164967
25237	172273
25237	172273
25237	252271
25237	293266
25237	384784
25238	14046
25239	54849
25239	65875
25239	149291
25240	26215
25240	55722
25240	86549
25240	88289
25241	19769
25241	21664
25241	110798
25241	139611
25241	237520
25241	298590
25241	341118
25241	380661
25241	396291
25241	443274
25244	109900
25325	11823
25325	12803
25325	77630
25325	100717
25325	175710
25327	82201
25327	86844
25327	105284
25328	17625
25328	20072
25328	34231
25328	158514
25328	193496
25328	199788
25328	231921
25328	237204
25331	14064
25331	33474
25331	34963
25331	42237
25331	51146
25331	67129
25331	72187
25331	84746
25331	94565
25332	7831
25333	94247
25333	110431
25333	198633
25333	215691
25333	245306
25333	357144
25334	73806
25334	181009
25335	4726
25337	59665
25340	122957
25341	306594
25357	104998
25357	165700
25357	304935
25357	323114
25357	367012
25357	416286
25358	103090
25358	130128
25358	146927
25358	146927
25358	160693
25358	226109
25358	249696
25359	5630
25359	48625
25360	68332
25360	124197
25360	223328
25360	237070
25360	239136
25360	263579
25360	305601
25360	369688
25360	378887
25360	417715
25360	417715
25360	417758
25361	35848
25365	30
25366	11111
25366	23153
25366	26445
25368	12459
25368	31657
25368	47140
25368	64127
25368	96293
25371	71731
25371	80169
25371	125211
25372	29918
25372	70693
25372	76290
25372	97356
25372	100778
25372	121517
25372	146711
25372	174059
25373	24763
25373	52609
25373	93758
25373	104391
25373	146481
25373	172536
25373	176456
25373	183591
25373	184104
25373	184104
25373	199868
25373	258151
25373	259107
25373	299197
25373	299197
25373	361304
25374	19366
25374	28247
25374	54912
25374	86052
25374	102167
25374	168605
25374	171802
25374	243225
25374	248255
25374	252570
25374	272578
25374	279662
25374	280928
25374	306811
25374	345467
25374	375387
25374	375387
25374	378012
25374	383882
25374	384202
25374	399297
25375	28616
25375	38029
25375	59963
25375	63477
25375	63513
25375	74665
25375	86088
25375	86854
25375	87129
25375	97117
25375	109113
25375	111419
25375	128563
25375	128950
25375	169010
25375	204607
25375	210954
25375	243036
25375	265600
25375	286757
25375	295236
25375	296158
25375	324627
25376	735
25376	13798
25376	18178
25376	24528
25376	134733
25376	165771
25376	199522
25376	276347
25376	279628
25376	296327
25376	305118
25376	307309
25376	313238
25376	366346
25377	14795
25377	41890
25377	43819
25377	49619
25377	55624
25377	65568
25377	133681
25377	145750
25377	148619
25377	171238
25377	206353
25377	208824
25377	222472
25377	262526
25377	269662
25377	276111
25377	304175
25377	304485
25377	304485
25377	320993
25377	360003
25378	15789
25378	50005
25379	6511
25379	26576
25379	74885
25379	131373
25379	191083
25379	206176
25379	234005
25379	296450
25379	296450
25379	321513
25379	330157
25379	366523
25380	44635
25380	62471
25380	74365
25380	88826
25380	127993
25380	137896
25380	168842
25380	194488
25380	238445
25381	6200
25381	78399
25381	90532
25381	105784
25381	182476
25381	217690
25381	236809
25381	238724
25381	238724
25381	266665
25381	297139
25381	297261
25381	314408
25381	316178
25381	347488
25382	582
25382	5483
25382	111696
25386	10601
25386	11572
25386	87582
25387	22249
25388	11392
25388	15259
25388	17421
25388	35183
25388	57814
25388	61549
25388	73741
25388	109883
25388	109891
25388	114438
25388	125389
25388	142730
25388	159721
25388	210289
25388	265031
25388	311051
25388	323416
25389	78971
25389	84635
25389	85443
25389	87553
25389	92443
25389	106783
25389	131695
25389	175127
25389	178355
25389	189739
25389	202128
25389	215801
25389	226761
25389	241907
25389	272231
25389	290751
25389	296377
25390	26814
25390	35744
25390	58073
25390	58073
25390	72209
25390	75530
25390	119533
25390	120048
25390	124148
25390	136134
25390	146808
25400	63319
25400	63319
25400	79670
25402	8527
25402	36495
25402	36495
25402	36707
25402	36943
25402	62899
25402	66066
25402	122548
25402	134900
25402	193661
25402	222374
25402	237929
25402	253575
25402	317741
25402	368483
25402	371212
25403	25452
25403	68740
25403	78283
25403	203879
25403	283460
25403	308055
25404	12746
25404	115977
25404	115977
25404	120471
25404	143133
25404	185160
25404	208582
25404	214498
25404	219635
25404	252344
25404	291593
25404	299942
25404	308428
25404	308428
25404	318965
25404	342239
25405	62285
25405	62285
25405	108847
25405	110621
25405	130358
25405	144204
25405	148538
25405	233336
25405	240012
25405	241969
25405	313639
25405	366336
25405	385757
25405	431622
25407	37740
25407	59560
25407	128424
25407	131225
25407	190975
25407	203208
25407	203208
25407	211716
25407	274206
25407	314805
25407	329656
25407	367663
25407	396303
25407	396720
25407	405256
25407	447905
25408	3337
25408	41162
25408	41193
25408	55834
25408	85628
25408	89453
25408	171218
25408	235083
25408	243945
25408	319453
25408	325365
25409	18992
25409	69923
25409	156638
25409	163201
25409	176813
25409	176813
25409	181607
25409	222970
25409	228664
25409	254457
25409	258848
25409	493351
25410	11141
25410	24814
25410	77129
25410	102050
25411	15290
25411	59424
25411	66327
25411	66327
25411	72697
25411	165924
25411	167161
25411	183312
25411	273295
25411	274662
25411	274662
25411	295461
25411	295461
25411	404505
25411	404505
25411	447442
25413	5153
25413	34123
25413	49847
25413	72190
25413	82963
25413	148383
25413	158124
25413	261129
25413	262681
25413	310270
25413	355781
25413	364625
25413	387179
25413	434638
25413	458331
25413	486404
25414	54587
25414	57866
25414	148455
25414	207506
25414	223093
25414	250706
25414	259438
25414	259812
25414	274127
25414	372616
25414	448734
25414	453333
25414	461480
25414	466999
25414	488288
25415	101098
25415	114660
25415	141951
25415	302582
25415	302582
25415	311038
25415	316824
25415	498397
25416	38486
25416	93446
25416	103872
25416	124116
25416	202222
25416	226744
25416	232435
25416	241408
25416	309740
25416	325137
25416	405473
25421	48322
25421	128419
25421	187011
25421	205643
25422	53354
25422	93813
25422	109621
25423	12250
25423	35574
25423	149939
25423	242134
25423	249101
25425	19612
25425	36121
25425	36733
25425	41175
25425	57796
25425	99756
25425	101804
25425	101804
25432	17011
25432	17011
25432	18709
25432	43846
25432	58835
25432	89727
25432	89727
25432	90659
25432	91783
25432	128119
25432	129188
25432	184210
25432	238442
25432	238781
25432	288415
25432	328956
25432	331128
25433	18431
25433	23048
25433	26481
25433	111374
25433	160541
25433	161129
25433	194013
25433	210119
25433	339936
25433	346317
25433	356154
25433	366958
25433	408251
25433	423163
25433	431887
25434	8977
25434	13966
25434	33048
25434	72271
25434	90789
25434	90789
25434	137371
25434	153110
25434	155561
25434	158428
25434	162555
25434	187809
25434	190989
25434	230674
25434	280856
25434	308767
25435	20789
25435	93045
25435	186850
25435	186850
25435	206941
25435	208424
25435	219334
25435	246759
25435	304858
25435	365663
25435	370353
25435	374645
25435	379545
25435	384299
25437	40126
25437	55883
25437	58836
25437	58836
25437	71299
25437	81426
25437	116953
25437	119105
25437	181811
25437	192152
25437	225480
25437	300155
25437	300155
25437	323179
25437	380447
25437	380447
25437	382122
25438	57869
25444	2149
25444	21542
25444	42435
25444	74673
25444	79818
25444	167270
25444	211916
25444	211916
25444	227417
25444	239343
25444	263160
25444	305733
25445	25778
25445	43623
25445	52320
25445	133239
25445	137770
25445	175005
25445	188685
25445	274226
25445	279389
25445	315884
25445	315884
25445	358422
25445	358422
25445	359599
25445	409914
25445	427529
25445	434753
25446	56266
25446	73245
25446	85607
25446	94480
25446	107755
25446	135464
25446	139186
25446	152122
25446	205858
25446	211698
25446	248298
25446	256833
25446	258760
25446	260062
25446	320351
25446	327770
25446	336061
25446	336061
25446	429205
25446	444859
25446	472955
25446	494653
25447	56838
25447	69419
25447	73204
25447	105191
25447	164867
25447	182188
25447	207850
25514	3191
25514	23684
25514	73662
25514	127781
25514	198405
25514	199248
25514	199253
25514	224256
25514	226673
25514	265148
25514	286829
25514	304243
25514	329685
25514	390318
25514	394283
25514	403325
25514	404920
25514	428447
25514	457576
25514	478252
25515	41482
25515	43896
25515	66706
25515	119044
25515	144085
25515	152036
25515	169704
25515	179079
25515	218675
25515	276434
25515	360898
25516	46262
25516	119619
25516	119619
25516	166594
25516	174601
25516	192527
25516	205938
25516	208184
25518	16768
25518	63140
25518	85813
25518	85813
25518	90409
25518	120806
25518	122685
25518	123646
25518	125330
25518	138508
25518	138583
25518	141662
25518	141662
25518	153232
25518	156412
25518	161734
25518	166189
25518	180846
25518	219729
25518	226062
25518	229271
25518	229271
25518	244157
25518	248220
25518	258705
25518	267147
25518	272281
25518	285442
25518	311576
25518	339597
25518	340879
25518	389154
25518	395239
25518	413311
25518	416616
25518	417959
25519	4879
25519	7734
25519	9518
25519	98187
25519	118440
25519	157151
25519	159244
25519	195358
25519	271104
25519	289151
25520	34995
25520	52627
25520	78862
25520	167260
25520	221706
25520	265432
25520	285172
25520	324589
25520	330009
25520	340100
25520	355996
25520	385379
25520	431798
25520	457890
25520	470679
25523	51236
25523	51236
25523	73903
25523	192597
25523	194648
25523	208552
25523	220018
25523	256195
25523	279769
25523	282693
25523	284107
25523	332918
25523	377377
25523	435304
25524	26268
25553	6248
25553	22170
25553	83957
25553	92690
25553	92690
25553	99465
25553	115262
25553	143732
25553	145263
25553	146254
25553	148985
25553	177124
25556	28447
25556	36235
25556	57120
25556	64444
25556	76082
25556	93659
25556	125857
25556	135509
25557	24623
25557	68891
25557	70537
25557	79493
25557	88404
25557	114797
25562	1781
25562	4476
25562	23481
25562	116034
25562	127784
25562	134827
25562	160040
25562	160040
25562	229986
25562	234297
25562	241322
25562	249557
25562	291651
25562	308091
25562	311165
25562	391250
25562	391250
25562	391265
25562	459106
25563	16762
25563	19634
25563	28183
25563	28183
25563	110390
25563	113164
25563	122044
25563	137955
25563	232659
25563	234725
25563	237697
25563	297376
25563	318511
25563	340534
25563	340534
25563	353794
25563	370850
25563	386976
25563	394526
25563	427799
25563	454616
25564	22017
25564	32037
25564	67304
25564	115344
25564	180300
25564	292766
25564	295692
25564	303740
25564	322909
25564	323707
25564	333213
25564	367988
25564	430203
25565	75663
25565	78688
25565	104967
25565	223446
25565	226062
25565	247208
25565	310280
25565	323728
25565	365838
25565	382376
25567	76911
25567	92512
25567	101807
25567	105458
25567	113029
25567	124362
25567	143507
25567	153338
25567	186261
25568	48034
25568	91375
25568	94160
25568	103760
25568	191722
25568	233059
25568	319281
25568	339168
25568	380033
25568	442153
25568	455570
25569	27056
25569	79271
25569	79271
25569	122237
25569	123379
25569	242433
25569	296807
25569	336319
25569	395813
25569	429883
25570	12665
25570	73031
25570	74016
25570	94759
25570	110462
25570	110656
25570	138658
25570	161917
25570	169510
25570	180895
25570	197739
25570	201379
25570	219495
25570	346860
25570	407823
25571	6990
25571	74890
25571	132950
25571	365659
25571	371594
25571	372204
25571	388632
25574	6047
25574	41509
25574	71718
25574	85043
25574	99402
25574	102001
25574	128538
25574	154899
25593	91211
25593	229968
25593	277339
25593	298793
25593	401759
25593	402731
25593	408233
25593	420130
25593	479928
25594	9153
25594	38701
25594	64895
25594	74684
25594	173527
25594	186247
25594	191563
25594	204645
25594	222354
25594	286255
25594	363016
25594	369473
25594	396790
25596	2313
25596	2313
25596	72365
25596	104684
25596	118839
25596	142879
25596	146109
25596	176313
25596	200382
25596	200382
25596	276837
25596	382507
25596	391986
25596	434239
25598	16917
25598	67778
25599	12326
25599	47483
25600	77817
25600	77817
25604	17367
25604	40133
25604	69414
25604	86199
25604	95175
25605	39895
25605	52533
25605	92353
25605	132524
25605	142183
25605	199935
25605	216516
25605	216516
25605	248882
25605	273143
25605	279215
25605	296305
25605	336938
25605	344243
25605	344243
25605	351982
25605	356423
25605	368707
25605	406318
25606	22645
25606	60956
25606	125421
25606	158643
25606	191403
25606	213161
25606	223494
25606	239129
25606	266952
25606	278183
25606	296440
25606	363028
25607	2112
25607	31588
25607	43262
25607	90573
25607	90573
25607	115024
25607	134539
25607	134539
25607	135095
25607	167447
25613	34664
25613	50485
25613	55699
25613	70440
25613	94042
25613	117615
25614	5097
25614	24058
25614	52109
25614	86806
25614	102284
25614	111525
25614	112977
25614	115507
25614	154323
25614	188255
25614	203161
25615	18433
25615	32405
25615	54561
25615	71405
25615	73403
25615	106613
25615	120443
25615	138231
25615	140385
25615	173898
25615	174069
25615	241629
25615	292719
25615	310677
25615	329596
25615	339987
25616	31607
25616	45091
25616	53729
25616	130508
25616	140891
25616	141260
25616	197763
25616	249102
25616	272847
25616	286207
25616	337065
25617	10414
25617	11741
25617	47082
25617	47082
25617	57817
25617	146902
25617	250749
25617	282221
25617	322026
25620	31614
25620	34651
25620	48493
25620	57767
25620	101727
25620	102437
25620	131713
25620	143272
25620	279567
25620	300399
25620	310460
25620	316756
25620	343702
25620	366614
25620	368051
25620	373041
25620	377912
25621	1422
25621	57839
25621	57839
25622	1479
25622	68666
25622	81340
25622	141727
25622	186419
25622	219846
25622	226292
25622	226292
25622	260323
25622	359369
25622	417980
25622	419683
25622	436403
25622	450906
25622	476959
25623	21970
25623	95652
25623	106339
25623	117992
25623	122509
25623	134109
25623	196392
25623	196784
25623	236582
25623	240738
25623	240738
25623	253183
25623	254577
25623	329220
25623	333366
25623	450928
25623	468553
25625	4744
25625	6536
25625	37062
25625	50047
25625	71612
25625	100933
25625	102656
25625	102656
25625	121726
25625	127963
25625	142215
25625	189179
25625	247802
25625	327651
25625	339504
25625	340549
25625	406206
25625	411793
25625	426190
25625	494416
25626	132254
25626	136202
25626	150318
25626	152499
25626	203947
25626	247875
25626	247875
25626	267191
25627	41593
25627	48591
25627	48639
25627	77270
25627	87721
25627	88777
25627	138991
25627	180261
25627	198671
25627	198671
25627	223110
25627	237969
25627	243360
25627	243360
25627	249036
25627	282586
25627	320536
25627	324944
25627	324944
25627	327018
25627	346805
25628	52529
25628	70990
25628	100189
25628	127964
25628	134199
25628	160488
25628	161919
25628	163743
25628	178925
25628	258867
25628	261611
25628	261611
25628	274576
25628	283256
25628	305060
25628	310725
25628	400839
25628	445043
25628	485015
25628	488197
25628	493459
25631	7503
25631	37394
25631	48080
25631	72622
25631	83384
25631	92102
25631	98367
25631	102375
25631	125250
25631	142611
25631	142611
25631	242491
25631	242491
25631	246982
25631	276183
25631	293029
25631	374488
25631	378951
25631	384068
25631	419100
25631	425926
25631	435604
25631	435648
25632	47888
25632	109942
25632	109942
25632	127816
25632	201636
25632	234345
25632	239900
25632	245189
25632	251161
25632	285675
25632	287298
25632	293675
25632	295944
25632	334284
25632	334284
25632	359441
25632	393050
25632	408661
25633	18258
25633	29048
25633	64376
25633	74015
25633	85998
25633	89620
25633	100022
25633	103013
25633	136325
25633	137787
25633	239892
25633	251448
25633	259655
25633	261061
25633	264866
25633	287066
25633	294893
25633	327704
25633	348804
25633	362586
25633	416899
25633	461702
25634	35081
25634	86705
25634	86705
25634	133366
25634	180506
25634	195731
25634	203813
25634	218427
25634	227398
25634	229215
25634	237694
25634	264009
25634	295990
25634	325633
25634	391336
25634	396994
25634	422405
25634	438012
25634	440743
25636	42061
25636	42061
25636	73197
25636	94717
25636	117305
25636	149890
25636	170178
25636	234663
25636	236653
25636	304953
25636	368331
25636	416159
25637	30776
25637	44360
25637	90883
25637	113265
25637	114832
25637	118443
25637	118443
25637	128561
25637	199201
25637	204542
25637	276087
25637	441814
25637	472332
25638	29521
25638	29521
25638	49040
25638	123208
25638	213592
25638	273700
25638	295075
25638	343969
25638	345636
25638	354837
25638	362838
25638	364127
25638	376117
25639	14621
25639	25684
25639	39407
25639	57020
25639	63764
25639	64739
25639	92596
25639	109168
25639	121242
25639	145595
25639	159868
25639	188303
25639	192026
25639	194202
25639	199197
25639	199891
25639	234168
25639	234168
25639	252871
25639	254409
25639	254409
25639	290632
25639	302662
25639	401400
25639	426304
25648	33795
25648	38983
25648	90983
25648	121310
25648	157922
25648	228475
25648	231949
25648	266669
25648	280267
25648	311502
25648	393016
25649	30415
25649	65861
25649	102126
25649	123595
25649	127466
25649	136721
25649	155299
25649	155845
25649	306011
25649	322300
25649	337957
25649	343184
25649	362048
25649	362048
25649	373650
25650	3113
25650	22474
25650	24415
25650	65977
25650	66145
25650	85674
25650	127013
25650	179815
25650	189313
25650	207982
25650	284112
25650	287017
25650	296422
25650	338668
25650	393686
25650	411953
25651	63732
25651	90987
25651	91986
25651	130692
25651	191053
25651	207904
25651	230268
25651	231244
25651	268698
25651	304516
25651	314942
25651	357868
25651	441794
25651	457529
25653	8803
25653	92468
25653	108536
25653	154785
25653	176784
25653	241164
25653	245567
25653	303425
25653	303425
25653	303425
25653	420418
25654	47782
25654	67363
25654	88906
25654	101180
25654	214487
25654	214487
25654	218777
25654	263038
25654	323076
25654	329962
25654	329962
25654	331575
25654	349463
25654	352373
25654	367672
25654	411037
25654	414819
25654	452735
25655	48078
25655	66823
25655	114935
25655	130593
25655	158126
25655	161411
25655	190719
25655	207554
25655	207554
25655	218594
25655	223562
25655	229940
25655	229940
25655	240456
25655	240456
25655	278751
25655	292307
25655	292307
25655	294755
25655	302033
25655	315138
25655	475296
25655	477690
25655	482941
25655	485709
25655	488133
25657	3004
25657	13697
25657	59080
25657	88647
25657	89178
25657	103219
25657	147371
25657	217671
25657	259024
25657	275574
25657	290685
25657	363564
25657	381417
25657	403357
25657	438602
25658	11267
25659	81
25659	81
25659	81
25659	81
25659	28083
25659	75251
25659	92200
25659	93258
25659	105838
25659	108110
25660	4430
25660	4430
25660	28516
25660	38892
25660	58484
25660	59488
25660	65651
25660	80547
25660	118409
25660	130545
25660	130545
25660	145783
25660	145783
25660	160688
25660	180282
25660	180282
25660	224697
25660	282985
25660	282985
25660	288161
25660	304323
25660	310075
25661	62428
25661	87679
25661	88483
25661	94290
25661	170007
25661	187310
25661	214698
25661	240960
25661	301701
25661	354073
25661	445783
25662	59054
25662	60044
25662	61689
25662	65837
25662	70990
25662	89673
25662	91526
25662	107238
25662	107238
25662	117527
25662	119613
25668	90337
25668	194605
25668	279710
25669	30337
25669	39745
25669	58313
25669	75492
25669	85303
25669	88317
25669	108005
25669	149711
25669	170906
25669	243314
25669	255254
25669	332451
25669	336010
25670	9622
25670	50840
25670	65442
25670	81788
25670	126008
25670	162926
25670	174522
25670	188592
25670	212830
25670	216300
25670	229928
25670	240513
25670	262467
25670	284446
25670	380945
25670	399491
25671	47538
25671	48525
25671	48525
25671	106650
25671	136148
25671	145341
25671	153003
25671	197936
25671	205904
25671	215739
25671	260007
25671	263608
25671	271668
25671	335494
25671	342222
25673	30777
25673	68367
25673	103571
25673	154200
25673	170426
25673	198988
25673	226319
25673	256920
25673	284119
25673	305979
25673	308417
25673	314239
25674	27243
25674	27243
25674	34767
25674	52875
25674	52875
25674	53432
25674	72285
25674	76121
25674	144572
25674	176111
25674	214083
25674	218769
25674	218769
25674	233114
25674	288552
25674	288552
25675	29388
25678	5956
25678	15789
25679	903
25679	43792
25679	49150
25679	53128
25679	53128
25680	94132
25680	95052
25680	124618
25680	175814
25680	209440
25680	210504
25680	213548
25683	38121
25683	88448
25683	115622
25683	120848
25683	163378
25683	173077
25683	302723
25683	305482
25684	47595
25684	48034
25684	122388
25684	131682
25684	249488
25684	273079
25684	285833
25684	308154
25684	378018
25684	378058
25685	28208
25685	116475
25685	149619
25686	17353
25686	65790
25686	68190
25687	73674
26045	22157
26045	23016
26058	135640
26058	137802
26058	163159
26058	191784
26058	250908
26058	252265
26059	58890
26059	245656
26072	51911
26073	76
26073	327074
26074	89079
26074	99561
26074	287454
26075	124781
26075	209474
26075	258512
26075	379016
26077	53545
26078	47338
26078	96403
26079	75447
26091	48760
26091	85779
26091	114232
26091	114232
26091	125394
26093	28195
26093	38259
26093	144047
26093	165060
26093	214286
26094	10532
26094	121838
26094	122229
26095	6822
26095	112624
26095	230156
26095	363911
26095	393207
26095	442529
26096	8567
26096	39561
26096	98207
26096	306124
26096	346926
26098	46707
26098	79936
26098	85970
26098	88357
26098	159656
26098	220330
26098	230000
26098	234702
26098	235962
26098	255157
26098	278549
26098	393068
26098	400515
26099	53154
26099	68070
26099	73516
26099	126278
26100	14975
26100	40246
26100	114705
26100	153465
26100	177262
26100	199952
26100	297306
26100	302484
26100	310060
26100	315486
26100	325701
26100	351913
26100	381547
26101	2215
26101	24662
26101	75602
26101	90815
26101	91537
26101	150373
26101	183489
26101	203784
26101	207623
26101	223645
26101	258425
26101	292788
26101	311646
26101	379015
26126	50330
26126	84400
26126	303368
26126	305976
26126	381724
26126	381724
26126	381724
26126	381724
26127	17534
26127	48975
26127	49362
26127	66381
26127	177116
26127	186188
26127	226515
26127	278157
26127	298594
26127	338748
26127	380317
26127	380317
26128	2120
26128	4156
26128	5581
26128	33315
26128	92897
26128	157622
26128	169126
26128	197498
26128	257729
26128	266962
26129	50512
26129	103667
26129	108419
26129	113275
26129	113275
26129	134759
26129	142667
26129	172896
26129	172896
26129	207715
26129	210417
26129	296395
26129	344200
26131	41138
26131	76662
26131	112577
26131	176260
26131	206807
26131	226432
26131	269120
26131	340115
26131	429111
26132	1965
26132	64450
26132	102628
26132	147178
26132	153904
26132	291749
26132	305002
26132	348345
26132	376203
26132	378437
26132	453563
26133	25939
26133	37790
26133	116631
26133	175158
26133	361229
26133	361799
26133	370615
26133	404712
26133	460093
26134	17134
26147	21155
26147	23228
26147	134002
26147	140370
26147	273135
26147	315501
26147	344827
26147	354168
26148	33351
26148	207822
26148	208925
26150	73680
26150	77559
26150	102147
26150	147532
26150	215135
26150	215135
26150	244361
26150	339962
26150	353943
26150	357761
26151	20343
26151	52788
26151	94383
26151	133095
26151	182408
26151	295100
26151	370522
26151	387156
26223	13389
26223	136072
26224	12065
26224	101772
26231	103884
26231	220317
26231	249425
26231	317229
26232	86984
26232	111691
26232	207101
26232	225226
26232	225226
26232	254265
26232	254265
26232	288210
26232	353586
26232	377804
26236	33441
26236	51258
26239	3976
26239	295578
26239	304016
26239	361080
26239	361080
26239	416068
26243	164941
26243	186023
26243	195521
26243	230086
26244	232044
26246	16246
26247	8557
26248	12343
26248	21188
26248	21188
26248	36513
24833	74116
24833	94089
24833	120457
24833	120457
24833	164637
24833	166719
24833	311469
24833	340673
24833	382199
24832	3350
24832	31600
24832	55449
24832	55449
24832	171981
24832	252779
24832	252779
24832	252779
24832	369947
24831	2280
24831	58239
24830	66153
24830	194623
24828	4498
24827	105117
24827	120694
24827	198282
24826	80118
24826	163800
24826	232935
24825	873
24825	5685
24825	42360
24825	68302
24825	68302
24825	154107
24825	172011
24825	176494
24825	176496
24825	177916
24825	225565
24825	249171
24825	249171
24825	335926
24824	51742
24824	115976
24824	163530
24824	266583
24824	329486
24824	357428
24822	37379
24822	71043
24822	90961
24822	171851
24822	209945
24821	169255
24821	208017
24821	287978
24821	298667
24820	2505
24819	32087
24819	195328
24819	195766
24819	289841
24818	109736
24818	109736
24818	131106
24818	198823
24818	198823
24818	228945
24818	233415
24818	241117
24817	45331
24817	45766
24817	90560
24817	93091
24817	115744
24817	130044
24817	206760
24816	4549
24814	25032
24814	123499
24813	570
24813	118040
24813	163444
24813	209098
24813	249986
24813	334132
24812	36414
24812	42298
24812	53182
24812	185762
24812	185927
24812	276318
24812	278438
24812	351139
24811	54785
24811	58886
24811	136464
24810	51638
24810	61267
24810	114443
24808	119277
24808	158123
24808	159348
24808	159348
24808	187605
24808	189559
24808	217040
24808	304952
24808	325859
24808	328993
24808	345333
24807	1793
24800	57515
24800	118983
24800	271129
24800	271129
24799	275934
24799	355225
24798	33267
24798	73687
24798	107384
24798	203009
24798	206932
24798	222213
24798	232825
24798	249543
24797	49524
24797	91857
24797	187786
24795	24463
24795	30045
24795	30045
24795	115623
24795	117432
24795	167155
24795	176578
24795	176578
24795	221378
24795	224670
24795	308532
24794	99858
24794	123391
24794	134491
24794	218607
24794	236136
24794	275208
24794	334297
24794	355346
24793	22914
24793	73702
24793	102247
24793	116843
24793	191438
24793	244140
24792	5012
24792	59613
24792	59613
24792	121811
24792	134531
24792	196325
24791	34930
24791	112709
24791	173981
24791	198276
24791	207673
24791	237225
24791	251142
24791	344635
24790	20855
24790	23660
24790	60182
24790	87352
24790	99284
24790	101481
24790	121144
24790	188807
24790	213977
24790	256650
24790	277186
24790	288331
24790	297989
24790	340970
24790	343732
24712	8438
24712	51455
24712	81174
24712	104628
24712	151541
24711	12892
24711	46916
24711	64548
24711	108338
24711	123342
24711	178692
24711	213556
24711	235786
24711	252018
24711	317969
24711	323743
24710	27967
24710	105000
24710	136410
24710	136410
24710	153067
24710	216476
24710	236702
24710	272416
24710	273029
24710	315317
24710	320510
24709	3459
24709	10387
24709	32519
24709	94265
24709	247150
24709	278392
24709	280684
24709	299792
24708	2227
24708	65180
24708	66748
24708	127473
24708	191645
24708	290201
24708	318049
24708	332280
24707	11420
24706	117509
24706	121687
24705	12427
24705	12427
24705	14344
24705	16549
24705	16549
24705	92655
24705	108711
24705	213114
24705	224129
24705	230307
24704	75413
24704	124484
24704	124484
24704	174916
24704	186699
24704	199703
24704	251019
24704	251019
24703	20999
24703	110427
24703	111779
24703	134747
24703	158491
24703	160289
24703	183798
24703	224171
24703	234196
24703	234196
24703	266419
24703	289587
24703	289587
24703	316152
24703	320512
24703	335387
24703	352364
24702	1854
24702	20455
24702	31737
24702	73031
24702	139696
24702	140225
24702	173362
24702	173362
24702	208829
24702	209755
24702	244603
24702	261624
24702	335782
24701	198964
24701	199281
24701	203744
24701	216647
24701	216647
24701	229124
24701	297102
24701	339332
24700	42046
24700	75999
24700	133659
24700	133659
24700	193889
24700	277848
24700	334267
24700	348224
24698	66359
24698	66359
24697	50653
24697	126576
24695	4325
24694	3121
24694	16859
24694	28356
24694	45225
24694	97194
24694	124450
24694	127667
24694	143218
24694	209471
24694	222674
24694	225649
24694	324225
24694	342956
24694	352929
24693	25793
24693	93053
24693	93512
24693	95528
24693	236731
24693	318334
24692	57413
24692	137465
24692	147886
24692	158399
24692	158399
24692	195434
24692	301278
24691	54843
24691	56403
24691	82107
24691	85096
24691	206239
24691	226841
24689	45917
24689	74004
24689	202523
24689	219791
24689	224977
24689	245888
24688	21813
24688	21813
24688	85721
24688	106302
24688	155033
24688	186816
24688	243510
24688	285285
24688	294057
24688	326947
24688	336949
24688	353520
24687	4142
24687	24527
24687	39117
24687	47335
24687	59597
24687	72321
24687	107132
24687	111807
24687	161032
24687	173133
24687	204509
24687	302240
24686	7325
24686	203136
24686	214872
24686	214872
24686	225502
24686	239010
24686	262054
24686	262054
24686	270084
24686	270084
24686	283316
24686	283316
24686	287869
24686	336880
24686	354394
24685	44261
24685	106583
24684	146257
24684	167241
24684	347443
24675	25920
24675	40388
24675	139664
24675	175987
24675	178509
24675	291420
24675	349264
24674	10879
24674	13869
24674	36122
24674	98808
24674	156601
24674	176684
24674	201261
24674	215163
24674	221280
24674	238864
24673	11640
24673	22835
24673	46712
24673	65590
24672	86555
24672	190468
24672	220506
24672	254894
24672	323572
24671	31426
24671	35049
24671	41310
24671	41310
24670	21367
24670	111872
24670	174861
24670	202695
24670	237667
24670	237667
24669	19120
24669	53366
24669	54609
24669	75091
24669	97848
24669	102687
24669	136953
24669	237957
24669	264260
24669	264260
24669	309524
24667	9169
24667	43203
24667	44731
24667	102199
24667	118695
24665	31582
24665	32246
24665	115621
24665	134424
24665	149104
24665	149104
24665	174131
24664	78746
24664	88402
24664	135693
24664	137369
24664	157034
24664	161336
24664	193090
24664	267253
24664	269432
24664	269432
24663	30773
24663	30773
24663	93242
24663	105441
24663	112764
24663	125482
24663	138762
24661	25377
24661	47524
24661	67449
24661	92231
24661	141790
24661	209940
24660	2937
24660	72532
24660	177013
24660	179226
24660	221324
24660	222381
24660	223464
24660	241969
24660	309308
24659	43887
24659	81116
24659	84447
24659	93152
24659	102590
24659	103500
24659	189724
24659	247476
24659	288922
24659	291241
24658	53865
24658	63958
24658	76164
24658	101972
24658	298217
24657	360
24657	57070
24657	62156
24657	75191
24657	75191
24657	81945
24657	83923
24657	83923
24657	110651
24657	135454
24657	205879
24657	216288
24656	27087
24656	103455
24655	139
24655	21956
24647	5577
24647	38144
24647	77827
24646	31903
24646	95923
24644	233239
24643	23123
24643	27015
24642	282785
24641	56599
24641	74410
24641	83999
24640	104330
24639	47032
24639	71534
24638	121749
24638	219973
24637	17947
24637	51905
24636	5969
24635	101897
24635	206994
24635	214142
24635	286091
24635	357776
24634	92191
24634	92191
24634	305149
24634	309217
24634	309334
24634	347056
24632	152717
24631	83974
24630	7703
24630	14536
24630	62800
24630	63640
24630	105986
24627	12704
24619	48823
24618	160476
24618	160476
23943	31317
23943	78146
23943	93882
23943	164586
