0 1869.862148 0.039623
1 -1.434731 0.183853
2 -0.000735 0.000408
3 3.246390 0.032187
4 3.090997 0.042180
5 41.153360 0.200174
6 1888.750000 0.000000
7 0.188123 0.000000
8 4.389010 0.000000
9 5.030189 0.174056
10 0.473855 0.004195
11 10.529327 0.138782
12 77.786486 0.535710
13 -0.008722 0.001094
14 4.704761 0.000000
15 9.017986 0.000000
16 58.563238 3.073654
17 -21.433689 0.294029
18 1888.750000 0.000000
19 -1.363022 0.000000
20 -584.068711 16.876996
21 249.727090 4.017980
22 -27012.703480 1157.301454
23 3417.793730 23.619151
24 385.544943 7.648623
25 1609.991335 0.000000
26 -2038.378560 0.000000
27 -179.927654 0.000000
28 0.000000 0.000000
29 2273.107959 0.000000
