0 1864.344662 0.037296
1 1.802143 0.297470
2 -0.000376 0.000291
3 0.854159 0.033833
4 3.673411 0.054533
5 66.697934 0.283617
6 1888.750000 0.000000
7 12.069264 1.679711
8 23.805201 0.281227
9 1.702108 0.303988
10 0.209361 0.005028
11 9.545363 0.215967
12 129.449137 2.145513
13 -0.003486 0.001416
14 -0.129931 0.118673
15 54.281485 1.231797
16 26.109669 1.329491
17 2.160214 0.273280
18 1888.750000 0.000000
19 6.645245 1.114889
20 -25.369927 2.430187
21 63.124182 2.246019
22 78.339062 11.888627
23 1876.575499 0.173032
24 3.195874 0.108589
25 3.149512 0.000000
26 -24.651223 0.000000
27 64.725594 0.000000
28 0.000000 0.000000
29 0.000000 0.000000
