0 1870.006266 0.028559
1 -0.373362 0.154006
2 -0.001009 0.000300
3 4.064187 0.021808
4 3.693804 0.024558
5 46.954110 0.132036
6 1888.750000 0.000000
7 0.188123 0.000000
8 4.389010 0.000000
9 428.063643 15.410158
10 8.893145 0.851103
11 128.754385 2.848093
12 132.543960 0.985798
13 -0.065062 0.002667
14 4.704761 0.000000
15 9.017986 0.000000
16 41.979501 0.031817
17 1.587556 1.434412
18 1888.750000 0.000000
19 -1.363022 0.000000
20 -117.503387 3.127852
21 213.264259 2.278647
22 -1722.792590 124.855315
23 6174.140780 138.898210
24 2076.432926 37.568238
25 1609.991335 0.000000
26 -2038.378560 0.000000
27 -179.927654 0.000000
28 0.000000 0.000000
29 2273.107959 0.000000
