0 1869.718147 0.037854
1 0.999999 0.127465
2 -0.001197 0.000517
3 2.825566 0.040232
4 2.989736 0.039223
5 39.073662 0.268086
6 1888.750000 0.000000
7 0.000019 0.000001
8 0.183822 0.059899
9 0.455234 0.008270
10 6.796144 0.071447
11 71.265302 0.624741
12 -0.000898 0.000653
13 0.081083 0.005368
14 75.999174 8.030655
15 -2.289364 0.462875
16 1888.750000 0.000000
17 -1.914913 2.789566
18 174.306275 2.820912
19 -627.199638 47.570994
20 2743.346964 6.241947
21 273.468795 1.724493
22 637.340388 40.606328
23 -217.637810 5.537950
24 96.445721 6.801540
25 3.343586 0.845956
26 486.394087 82.970529
