0 1869.722324 0.039359
1 1.061721 0.173256
2 -0.001181 0.000510
3 2.832513 0.040047
4 2.988962 0.041756
5 39.100389 0.270484
6 1888.750000 0.000000
7 0.000019 0.000001
8 0.186722 0.060038
9 0.454023 0.008293
10 6.809845 0.072292
11 71.381429 0.627980
12 -0.000899 0.000654
13 0.082924 0.005702
14 72.368214 7.054839
15 -2.367283 0.444699
16 1888.750000 0.000000
17 -3.890903 2.870343
18 174.315323 2.720258
19 -646.036339 52.858980
20 2750.413594 6.338207
21 275.525798 1.727549
22 624.710084 37.120303
23 -218.499865 5.498454
24 94.998145 6.815274
25 4.213284 1.081932
26 443.455430 79.917835
