0 1864.577481 0.021735
1 2.052772 0.242370
2 0.000226 0.000243
3 1.071809 0.025893
4 3.209119 0.025028
5 65.509562 0.216764
6 1888.750000 0.000000
7 10.456901 0.990539
8 23.835226 0.177298
9 0.838097 0.289488
10 0.190047 0.004191
11 10.678517 0.183847
12 143.141027 2.333940
13 -0.001508 0.001198
14 0.335969 0.099391
15 50.365456 0.898054
16 19.244066 0.721526
17 3.292392 0.225300
18 1888.750000 0.000000
19 -9.479470 0.003254
20 -21.300250 1.762694
21 66.424172 1.655987
22 132.670643 13.290510
23 1875.286461 0.137355
24 3.625928 0.098505
25 3.149512 0.000000
26 -24.651223 0.000000
27 64.725594 0.000000
28 0.000000 0.000000
29 0.000000 0.000000
