0 1869.756006 0.032354
1 -0.485953 0.159828
2 -0.000674 0.000371
3 3.016369 0.028915
4 3.059932 0.028948
5 38.465700 0.197523
6 1888.750000 0.000000
7 0.188123 0.000000
8 4.389010 0.000000
9 0.517993 0.085776
10 0.329208 0.003926
11 8.432431 0.114865
12 84.868471 0.754497
13 -0.001653 0.000841
14 4.704761 0.000000
15 9.017986 0.000000
16 52.873819 2.731335
17 -19.424951 0.297779
18 1888.750000 0.000000
19 -1.363022 0.000000
20 -561.142251 10.978659
21 261.070986 3.376081
22 -8966.440549 367.303685
23 3304.357903 22.100829
24 388.460792 6.590241
25 1609.991335 0.000000
26 -2038.378560 0.000000
27 -179.927654 0.000000
28 0.000000 0.000000
29 2273.107959 0.000000
