0 1869.688228 0.036258
1 0.311303 0.149016
2 -0.000522 0.000467
3 2.752506 0.037194
4 2.849500 0.038246
5 37.939647 0.248971
6 1888.750000 0.000000
7 0.000016 0.000001
8 0.287732 0.052031
9 0.487524 0.008598
10 6.512225 0.064562
11 68.213164 0.557170
12 -0.002582 0.000577
13 0.101160 0.007037
14 28.536382 1.273326
15 -4.414386 0.225704
16 1888.750000 0.000000
17 -10.000001 0.034135
18 155.160773 1.431353
19 -1000.017326 30.274553
20 2824.746633 5.867103
21 319.999987 0.387385
22 400.000287 2.633513
23 -225.416783 4.046450
24 81.850951 4.504734
25 9.997924 0.267165
26 869.884147 12.572958
