0 1864.187067 0.000001
1 -2.882536 0.000006
2 0.000044 0.000000
3 0.751628 0.000002
4 2.973174 0.000000
5 61.703206 0.000026
6 1888.750000 0.000000
7 36.778109 0.000043
8 19.990649 0.000001
9 116.511915 0.000191
10 0.014394 0.000000
11 33.351679 0.000140
12 68.161859 0.001752
13 0.612027 0.000000
14 -1.877580 0.000000
15 72.535660 0.000034
16 31.724608 0.000449
17 2.744583 0.000000
18 1888.750000 0.000000
19 11.659742 0.000002
20 21.931446 0.000011
21 128.860224 0.000014
22 21.322265 0.203101
23 1866.477029 0.000016
24 9.507627 0.000000
25 3.149512 0.000000
26 -24.651223 0.000000
27 64.725594 0.000000
28 0.000000 0.000000
29 0.000000 0.000000
