0 1864.216902 0.000197
1 -4.752459 0.000345
2 0.000043 0.000003
3 0.771204 0.000254
4 2.938638 0.000320
5 61.837907 0.005146
6 1888.750000 0.000000
7 30.737755 0.005101
8 19.965934 0.002085
9 82.698123 0.202755
10 0.014890 0.000028
11 45.975146 0.226181
12 -458.096931 2.437772
13 -1.371596 0.004860
14 -1.956650 0.001064
15 72.332041 0.009116
16 31.267771 0.003397
17 3.512116 0.001541
18 1888.750000 0.000000
19 11.722371 0.011984
20 22.404751 0.000697
21 128.486103 0.236987
22 21.595663 0.004176
23 1866.340459 0.001215
24 9.051568 0.000823
25 3.149512 0.000000
26 -24.651223 0.000000
27 64.725594 0.000000
28 0.000000 0.000000
29 0.000000 0.000000
