0 1869.766315 0.017743
1 0.388496 0.197191
2 -0.000206 0.000622
3 3.100000 0.009126
4 3.099999 0.002518
5 42.273336 0.290121
6 1888.750000 0.000000
7 0.000059 0.000002
8 0.000000 0.005015
9 0.598126 0.005330
10 7.711887 0.050852
11 70.685334 0.367286
12 -0.000683 0.000669
13 0.144428 0.004285
14 67.122246 4.241452
15 -2.039463 0.579192
16 1888.750000 0.000000
17 -0.000649 5.548894
18 171.651870 2.620693
19 -673.912884 59.785121
20 2757.527700 2.956781
21 270.197052 0.940384
22 582.597315 12.743462
23 -223.816862 7.496831
24 116.904975 8.001404
25 4.589617 0.469425
26 435.145555 27.374388
