0 1869.734710 0.034074
1 -0.387914 0.166940
2 -0.000534 0.000384
3 3.028988 0.030078
4 3.090446 0.031592
5 39.027980 0.193668
6 1888.750000 0.000000
7 0.188123 0.000000
8 4.389010 0.000000
9 0.431785 0.082131
10 0.341102 0.004212
11 8.249287 0.106466
12 83.654377 0.786797
13 -0.001684 0.000815
14 4.704761 0.000000
15 9.017986 0.000000
16 50.501118 2.559915
17 -19.678556 0.305291
18 1888.750000 0.000000
19 -1.363022 0.000000
20 -503.339008 14.371284
21 240.904446 3.584553
22 -10927.702435 335.486048
23 3290.955672 21.042879
24 396.172601 9.391924
25 1609.991335 0.000000
26 -2038.378560 0.000000
27 -179.927654 0.000000
28 0.000000 0.000000
29 2273.107959 0.000000
