0 1869.740367 0.035959
1 -0.399367 0.182112
2 -0.000979 0.000510
3 2.930883 0.035696
4 3.086505 0.024778
5 41.485343 0.259369
6 1888.750000 0.000000
7 0.000038 0.000001
8 0.047954 0.085083
9 0.472270 0.006346
10 7.040434 0.062036
11 73.259771 0.498546
12 -0.001142 0.000671
13 0.144298 0.005032
14 69.672759 4.799024
15 -2.472787 0.350648
16 1888.750000 0.000000
17 -6.687286 2.697100
18 174.393249 2.503410
19 -582.358092 28.513780
20 2775.048196 3.365127
21 283.472402 0.997581
22 578.273207 23.980119
23 -223.276472 5.022898
24 87.003759 6.134684
25 4.555751 1.249769
26 492.766696 63.275677
