0 1870.000000 0.001987
1 -0.999999 0.051095
2 -0.000779 0.000550
3 2.832372 0.023748
4 2.523164 0.032420
5 38.272773 0.262541
6 1888.750000 0.000000
7 0.000028 0.000001
8 1.000000 0.001145
9 0.575687 0.007281
10 7.334820 0.053982
11 65.413909 0.409955
12 -0.004755 0.000677
13 0.046081 0.002398
14 79.999999 0.598738
15 -0.818758 0.233974
16 1888.750000 0.000000
17 -1.357323 2.738514
18 174.413127 2.638674
19 -374.952686 25.532828
20 2777.717450 5.165799
21 276.121559 1.442646
22 581.704922 25.054893
23 -232.617937 10.583035
24 129.999343 16.593041
25 3.022875 0.738807
26 400.213590 51.741272
