0 1869.802731 0.014282
1 -1.426839 0.133911
2 -0.000785 0.000371
3 3.034115 0.015515
4 2.816813 0.017955
5 40.105463 0.169879
6 1888.750000 0.000000
7 0.000021 0.000000
8 2.935587 0.047218
9 0.503793 0.002799
10 8.479620 0.044931
11 69.951787 0.265783
12 -0.006445 0.000631
13 0.086603 0.001561
14 76.960487 5.537786
15 -2.332061 0.258483
16 1888.750000 0.000000
17 -11.235949 1.651246
18 186.730672 2.060162
19 -699.621060 516.869370
20 2744.832399 1.844613
21 270.860578 0.524134
22 457.474040 2.384334
23 -244.492087 8.435509
24 149.402384 8.423985
25 8.608777 0.254542
26 614.035535 5.883057
