0 1869.803974 0.023202
1 -1.426518 0.164063
2 -0.000785 0.000457
3 3.035734 0.022622
4 2.815796 0.026455
5 40.102832 0.205184
6 1888.750000 0.000000
7 0.000025 0.000001
8 2.936425 0.068003
9 0.503586 0.003852
10 8.480609 0.061309
11 69.971632 0.363308
12 -0.006452 0.000782
13 0.108801 0.002432
14 77.400298 6.471156
15 -2.425515 0.344526
16 1888.750000 0.000000
17 -10.996539 8.107413
18 187.156901 2.536183
19 -690.609829 87.583670
20 2729.615774 2.133852
21 267.804584 0.616158
22 433.851697 4.678400
23 -243.068647 16.193798
24 149.826739 104.211388
25 7.688740 0.339043
26 700.730204 11.101978
