0 1864.405232 0.035039
1 1.304658 0.275871
2 -0.000253 0.000288
3 0.882231 0.031695
4 3.440114 0.051155
5 63.225006 0.277504
6 1888.750000 0.000000
7 13.591222 1.677796
8 22.803837 0.266967
9 1.674497 0.269282
10 0.219466 0.005478
11 9.047416 0.185499
12 123.217282 2.030724
13 -0.003624 0.001275
14 -0.251897 0.126928
15 53.534299 1.204952
16 27.911731 1.201704
17 1.797853 0.246386
18 1888.750000 0.000000
19 7.980447 1.212812
20 -23.724314 2.329802
21 60.304096 2.183406
22 66.541464 8.865191
23 1876.162641 0.176391
24 3.209863 0.112337
25 3.149512 0.000000
26 -24.651223 0.000000
27 64.725594 0.000000
28 0.000000 0.000000
29 0.000000 0.000000
