0 1864.111175 38.863548
1 -1.595338 38.863448
2 -0.000732 38.863548
3 0.772154 38.863548
4 3.339188 38.863548
5 72.151842 38.863353
6 1888.750000 0.000000
7 31.898751 38.863539
8 22.166562 38.863537
9 46.878931 38.863551
10 0.123292 38.863548
11 -82.167586 38.863515
12 -1102.755479 1.000000
13 -0.566454 38.863548
14 -1.970029 38.863548
15 76.944581 38.863549
16 30.398652 38.863548
17 4.130432 38.863548
18 1888.750000 0.000000
19 10.578883 38.863542
20 16.527118 38.862908
21 124.803368 38.863480
22 21.006663 38.863548
23 1867.880854 38.863548
24 9.140369 38.863548
25 3.149512 0.000000
26 -24.651223 0.000000
27 64.725594 0.000000
28 0.000000 0.000000
29 0.000000 0.000000
