0 1864.335914 0.017346
1 78.399886 0.320126
2 0.000148 0.000000
3 0.730762 0.000000
4 2.332123 0.000000
5 49.021883 0.000000
6 1888.750000 0.000000
7 9.624740 0.000000
8 19.402241 0.000000
9 2.427029 0.000000
10 0.164797 0.000000
11 8.359951 0.000000
12 128.292545 0.000000
13 -0.003989 0.000000
14 -0.761874 0.000000
15 45.120405 0.000000
16 8.282664 0.000000
17 3.606959 0.000000
18 1888.750000 0.000000
19 -0.351395 0.000000
20 -12.030576 0.000000
21 49.046522 0.000000
22 135.103383 0.000000
23 1872.668343 0.000000
24 3.285140 0.000000
25 3.149512 0.000000
26 -24.651223 0.000000
27 64.725594 0.000000
28 0.000000 0.000000
29 0.000000 0.000000
