0 1864.263414 0.039129
1 1.406725 0.341810
2 -0.001335 0.000427
3 0.684810 0.030558
4 2.552867 0.061670
5 49.937636 0.303924
6 1888.750000 0.000000
7 6.834451 0.600949
8 19.260883 0.313529
9 2.044129 0.393361
10 0.147466 0.005361
11 9.605870 0.301943
12 141.764579 4.294059
13 0.000757 0.001980
14 -0.925895 0.192568
15 46.131476 1.752352
16 4.896320 0.686352
17 3.790940 0.170127
18 1888.750000 0.000000
19 -0.781143 0.141783
20 -8.236784 2.277182
21 55.229726 2.148439
22 180.714175 18.735054
23 1873.056936 0.214196
24 3.333974 0.163987
25 3.149512 0.000000
26 -24.651223 0.000000
27 64.725594 0.000000
28 0.000000 0.000000
29 0.000000 0.000000
