0 1864.557105 0.032965
1 1.204169 0.264819
2 0.000072 0.000290
3 1.008710 0.030482
4 3.031562 0.047727
5 60.711000 0.244970
6 1888.750000 0.000000
7 7.781026 0.842875
8 21.761000 0.226204
9 1.261286 0.234350
10 0.204818 0.004858
11 9.828520 0.184017
12 130.990516 2.165522
13 -0.003890 0.001162
14 -0.045041 0.119227
15 54.802752 0.925117
16 16.690025 0.886157
17 2.969736 0.271242
18 1888.750000 0.000000
19 -5.872288 0.009400
20 -18.362468 1.920472
21 60.722159 1.791561
22 164.715885 20.258499
23 1874.922625 0.181210
24 3.409725 0.117334
25 3.149512 0.000000
26 -24.651223 0.000000
27 64.725594 0.000000
28 0.000000 0.000000
29 0.000000 0.000000
