0 1869.700710 0.032428
1 -0.837174 0.175664
2 -0.001085 0.000507
3 2.820270 0.046643
4 2.941591 0.029205
5 38.747914 0.332313
6 1888.750000 0.000000
7 0.000020 0.000001
8 0.244533 0.053294
9 0.461502 0.007359
10 6.811226 0.097790
11 70.487292 0.615430
12 -0.000780 0.000688
13 0.120257 0.004302
14 39.815704 2.104606
15 -3.579862 0.376720
16 1888.750000 0.000000
17 -30.587975 3.839163
18 151.239769 3.705970
19 -1635.420898 71.130224
20 2799.582072 2.905931
21 279.580354 1.030137
22 620.831448 9.043362
23 -218.738521 5.526357
24 93.988663 4.436835
25 6.024313 0.295750
26 605.029532 16.762605
