0 1864.507552 0.037570
1 0.929573 0.290925
2 -0.001074 0.000292
3 0.893761 0.035058
4 3.535048 0.056984
5 63.736698 0.288898
6 1888.750000 0.000000
7 21.304290 2.550157
8 22.772522 0.280286
9 1.676898 0.378218
10 0.225829 0.006703
11 8.974043 0.226529
12 121.691709 2.105171
13 -0.000036 0.001489
14 -0.020914 0.138935
15 53.046901 1.261037
16 29.029878 1.203018
17 1.249908 0.230323
18 1888.750000 0.000000
19 4.726138 0.721726
20 -16.185742 1.295145
21 62.863152 1.480540
22 86.805401 10.627053
23 1877.233519 0.134907
24 3.724510 0.087547
25 3.149512 0.000000
26 -24.651223 0.000000
27 64.725594 0.000000
28 0.000000 0.000000
29 0.000000 0.000000
