0 1864.798596 0.000001
1 -2.939734 0.000000
2 -0.000027 0.000000
3 1.084035 0.000001
4 3.921503 0.000052
5 75.0 0.000000
6 1888.750000 0.000000
7 10.025761 0.000000
8 37.614659 0.000001
9 70.102157 0.001387
10 0.308885 0.000000
11 46.117662 0.000002
12 133.026696 0.000003
13 0.023174 0.000000
14 0.843945 0.000008
15 26.794671 0.000005
16 8.168651 0.000004
17 1.771239 0.000003
18 1888.750000 0.000000
19 -3.984986 0.000000
20 5.167096 0.000070
21 85.140036 0.002820
22 47.060627 0.000038
23 1862.365305 0.000005
24 4.094940 0.000007
25 3.149512 0.000000
26 -24.651223 0.000000
27 64.725594 0.000000
28 0.000000 0.000000
29 0.000000 0.000000
