0 1864.340994 0.044753
1 -0.116473 0.392633
2 -0.030244 0.000481
3 0.892415 0.033883
4 2.474145 0.066713
5 47.903770 0.314306
6 1888.750000 0.000000
7 12.517175 1.297308
8 19.641490 0.332924
9 0.873556 0.609045
10 0.144587 0.004774
11 14.044665 0.531314
12 160.493040 5.803557
13 -0.062882 0.003582
14 0.233126 0.215427
15 32.181407 2.507273
16 8.322598 0.755970
17 4.554105 0.198111
18 1888.750000 0.000000
19 -1.503268 0.113473
20 -27.365695 2.642830
21 69.990585 2.381265
22 81.571169 10.596249
23 1873.122275 0.404170
24 3.876198 0.276574
25 3.149512 0.000000
26 -24.651223 0.000000
27 64.725594 0.000000
28 0.000000 0.000000
29 0.000000 0.000000
