0 1864.317568 0.083836
1 -3.749686 0.623521
2 -0.034737 0.000997
3 1.256149 0.062445
4 2.872360 0.121193
5 47.183698 0.535298
6 1888.750000 0.000000
7 47.894302 4.175354
8 19.507326 0.681567
9 -0.985177 1.049265
10 0.186504 0.012758
11 10.757085 0.769809
12 118.099633 6.555279
13 -0.064449 0.006191
14 -0.276723 0.363529
15 26.139904 6.489374
16 4.220642 0.620798
17 0.432415 0.132373
18 1888.750000 0.000000
19 -3.289141 0.030292
20 -7.187527 6.412517
21 76.465994 4.859494
22 15.996722 2.632441
23 1873.484029 0.656232
24 4.008495 0.614995
25 3.149512 0.000000
26 -24.651223 0.000000
27 64.725594 0.000000
28 0.000000 0.000000
29 0.000000 0.000000
