0 1864.236814 0.028985
1 2.206801 0.314557
2 -0.000569 0.000379
3 0.722833 0.024429
4 2.093880 0.040537
5 49.187268 0.279863
6 1888.750000 0.000000
7 8.273756 0.676643
8 19.890497 0.306839
9 1.403025 0.336186
10 0.147410 0.005496
11 8.146011 0.235896
12 138.626573 4.247455
13 -0.001658 0.001751
14 -0.973856 0.173940
15 47.126032 1.717214
16 7.838445 0.686321
17 3.671019 0.160842
18 1888.750000 0.000000
19 -0.077056 0.150476
20 -8.162482 4.876735
21 67.839728 3.915436
22 59.882534 8.178791
23 1872.995539 0.263417
24 -2.675697 0.220133
25 3.149512 0.000000
26 -24.651223 0.000000
27 64.725594 0.000000
28 0.000000 0.000000
29 0.000000 0.000000
