0 1864.350632 0.046284
1 0.917246 0.399391
2 0.001517 0.000517
3 0.983171 0.044294
4 2.446682 0.068330
5 48.257725 0.344458
6 1888.750000 0.000000
7 9.766440 0.805566
8 18.274724 0.350203
9 1.876322 0.345616
10 0.182477 0.007173
11 7.940019 0.200548
12 125.184125 3.288537
13 -0.003273 0.001614
14 -0.791530 0.197234
15 47.366363 1.702181
16 8.308415 0.683585
17 3.594381 0.151735
18 1888.750000 0.000000
19 -0.282760 0.179803
20 -16.168450 2.440342
21 42.909679 3.861801
22 116.911466 19.287896
23 1871.673996 0.943951
24 4.344582 0.417965
25 3.149512 0.000000
26 -24.651223 0.000000
27 64.725594 0.000000
28 0.000000 0.000000
29 0.000000 0.000000
