0 1864.264242 0.036318
1 1.613283 0.321003
2 -0.000258 0.000424
3 0.724248 0.027277
4 2.581436 0.057313
5 48.898641 0.295331
6 1888.750000 0.000000
7 9.331902 0.573003
8 18.975802 0.320521
9 1.582639 0.438053
10 0.143598 0.005876
11 7.673436 0.302320
12 139.789272 4.475744
13 -0.002370 0.001752
14 -1.107628 0.186552
15 45.775387 1.645854
16 8.167478 0.425801
17 3.654959 0.163739
18 1888.750000 0.000000
19 -0.527109 0.144259
20 -10.820388 2.288567
21 54.877170 2.474233
22 110.611376 11.497464
23 1873.565327 0.247121
24 3.412201 0.193468
25 3.149512 0.000000
26 -24.651223 0.000000
27 64.725594 0.000000
28 0.000000 0.000000
29 0.000000 0.000000
