0 1864.422702 0.035841
1 2.254014 0.272942
2 -0.000248 0.000291
3 0.891511 0.032180
4 3.424143 0.049331
5 63.164726 0.274220
6 1888.750000 0.000000
7 13.426496 1.568390
8 22.810891 0.273706
9 1.733798 0.260632
10 0.221427 0.005351
11 9.036690 0.182196
12 122.426522 1.910873
13 -0.003873 0.001271
14 -0.347537 0.126560
15 53.598069 1.250004
16 27.856532 1.211698
17 1.793556 0.244332
18 1888.750000 0.000000
19 8.100691 1.204446
20 -22.402507 2.336649
21 60.184032 2.171390
22 67.481256 8.850766
23 1876.122783 0.175063
24 3.213755 0.112772
25 3.149512 0.000000
26 -24.651223 0.000000
27 64.725594 0.000000
28 0.000000 0.000000
29 0.000000 0.000000
