0 1864.470188 0.047491
1 2.884754 0.312404
2 -0.000616 0.000368
3 1.119065 0.050180
4 3.973763 0.068129
5 68.254237 0.367776
6 1888.750000 0.000000
7 42.656820 4.568094
8 25.580764 0.365731
9 -1.365186 0.358261
10 0.315960 0.007060
11 10.589672 0.193269
12 103.284307 1.550224
13 0.002961 0.001439
14 -0.319490 0.129862
15 54.730565 1.636365
16 32.729691 1.117677
17 0.150186 0.195245
18 1888.750000 0.000000
19 5.541297 0.954612
20 -25.706276 3.904763
21 70.761689 3.393813
22 21.292331 2.444988
23 1877.230820 0.197049
24 3.067851 0.130617
25 3.149512 0.000000
26 -24.651223 0.000000
27 64.725594 0.000000
28 0.000000 0.000000
29 0.000000 0.000000
