0 1864.183822 0.016838
1 -1.651332 0.294607
2 -0.001379 0.000305
3 0.793610 0.020698
4 4.017766 0.028900
5 61.502908 0.254038
6 1888.750000 0.000000
7 11.084357 0.170080
8 20.659936 0.150856
9 2.427029 0.442209
10 0.164797 1.414214
11 8.359951 1.414214
12 128.292545 1.414214
13 -0.003989 1.414214
14 -2.086530 0.082939
15 65.144047 0.676522
16 27.499654 0.384062
17 2.390384 0.188435
18 1888.750000 0.000000
19 8.838416 0.435312
20 15.854749 1.126537
21 107.998684 0.687374
22 60.235959 1.033354
23 1867.983333 0.111608
24 9.704984 0.072412
25 3.149512 0.000000
26 -24.651223 0.000000
27 64.725594 0.000000
28 0.000000 0.000000
29 0.000000 0.000000
