0 1869.699354 0.024433
1 0.257897 0.137013
2 -0.000551 0.000432
3 2.769595 0.028052
4 2.881744 0.021792
5 38.364416 0.197054
6 1888.750000 0.000000
7 0.000021 0.000000
8 0.360616 0.044322
9 0.487045 0.005241
10 6.659131 0.047750
11 68.906668 0.392627
12 -0.002857 0.000531
13 0.163271 0.003481
14 20.000003 0.123540
15 -5.166757 0.170524
16 1888.750000 0.000000
17 -10.000000 0.027714
18 169.409124 1.784557
19 -1000.004202 4.982145
20 2783.371271 4.304990
21 319.999993 0.191972
22 403.870700 7.933254
23 -242.609842 5.260202
24 87.798662 6.793261
25 9.999957 0.098416
26 899.999727 3.223332
