0 1870.578509 0.082221
1 0.368307 0.191717
2 0.001659 0.001323
3 6.135719 0.076651
4 4.771207 0.080224
5 30.014185 0.167263
6 1888.750000 0.000000
7 0.188123 0.000000
8 4.389010 0.000000
9 185.420122 41.902479
10 1.755758 0.515143
11 78.919889 10.105885
12 57.664680 0.876842
13 -0.203984 0.011783
14 4.704761 0.000000
15 9.017986 0.000000
16 -12.221249 1.187775
17 -1.348082 0.327788
18 1888.750000 0.000000
19 -1.363022 0.000000
20 -11.469092 0.561170
21 37.053309 0.378891
22 13374.033035 2774.738933
23 2413.525173 48.776499
24 272.489659 11.982352
25 1609.991335 0.000000
26 -2038.378560 0.000000
27 -179.927654 0.000000
28 0.000000 0.000000
29 2273.107959 0.000000
