0 1869.743522 0.037027
1 -0.204377 0.194346
2 -0.000859 0.000388
3 3.672428 0.032407
4 3.109552 0.031267
5 44.221668 0.207687
6 1888.750000 0.000000
7 0.188123 0.000000
8 4.389010 0.000000
9 0.006341 0.176739
10 0.278889 0.003124
11 12.144597 0.221764
12 108.985312 1.151080
13 0.003456 0.001450
14 4.704761 0.000000
15 9.017986 0.000000
16 37.374871 2.254553
17 -19.656949 0.305822
18 1888.750000 0.000000
19 -1.363022 0.000000
20 -536.811631 11.594586
21 286.791686 5.465738
22 2272.606672 43.398145
23 3289.236800 35.784285
24 460.213859 9.611232
25 1609.991335 0.000000
26 -2038.378560 0.000000
27 -179.927654 0.000000
28 0.000000 0.000000
29 2273.107959 0.000000
