0 1869.524786 0.097775
1 -0.390195 0.401565
2 -0.004841 0.001690
3 2.069424 0.080115
4 2.484932 0.111126
5 26.498824 0.517115
6 1888.750000 0.000000
7 0.188123 0.087936
8 4.389010 0.000000
9 1.178267 0.165157
10 0.372031 0.020948
11 5.390561 0.189454
12 56.774713 2.143473
13 -0.007457 0.002222
14 4.704761 0.000000
15 9.017986 0.000000
16 18.775226 6.356667
17 12.852475 1.792520
18 1888.750000 0.000000
19 -1.363022 0.000000
20 -31.268543 12.140529
21 165.892645 12.697792
22 434.876884 230.383742
23 1894.115140 8.523597
24 27.314805 3.203949
25 1609.991335 0.000000
26 -2038.378560 0.000000
27 -179.927654 0.000000
28 0.000000 0.000000
29 2273.107959 0.000000
