0 1869.453104 0.064331
1 -1.257823 0.251510
2 -0.001922 0.001149
3 2.070987 0.056613
4 2.517121 0.076635
5 26.458383 0.374638
6 1888.750000 0.000000
7 0.188123 0.000000
8 4.389010 0.000000
9 1.411414 0.103899
10 0.396025 0.016814
11 5.465142 0.146790
12 50.975528 1.177160
13 0.001415 0.001535
14 4.704761 0.000000
15 9.017986 0.000000
16 3.394845 3.418711
17 8.535796 1.076874
18 1888.750000 0.000000
19 -1.363022 0.000000
20 -61.720768 10.213266
21 180.537747 10.977817
22 489.642723 162.911998
23 1918.667318 14.694870
24 39.537457 4.441744
25 1609.991335 0.000000
26 -2038.378560 0.000000
27 -179.927654 0.000000
28 0.000000 0.000000
29 2273.107959 0.000000
