0 1869.503826 0.076180
1 -0.970243 0.266294
2 0.000790 0.001328
3 2.149274 0.074268
4 2.638803 0.088346
5 27.352965 0.450441
6 1888.750000 0.000000
7 0.188123 0.000000
8 4.389010 0.000000
9 1.123884 0.110930
10 0.436481 0.022152
11 5.404635 0.153312
12 50.598787 1.259555
13 0.001840 0.001552
14 4.704761 0.000000
15 9.017986 0.000000
16 11.531495 3.561820
17 11.388244 1.038449
18 1888.750000 0.000000
19 -1.363022 0.000000
20 -44.271432 8.746802
21 167.530318 9.731144
22 3325.146312 928.446665
23 2000.818365 9.203229
24 58.018295 2.551218
25 1609.991335 0.000000
26 -2038.378560 0.000000
27 -179.927654 0.000000
28 0.000000 0.000000
29 2273.107959 0.000000
