0 1869.652405 0.028669
1 -0.250239 0.253412
2 -0.001435 0.000779
3 2.867097 0.031905
4 3.398146 0.035811
5 32.902345 0.187946
6 1888.750000 0.000000
7 0.188123 0.000000
8 4.389010 0.000000
9 6.140988 0.645763
10 0.196149 0.004150
11 14.334796 0.499259
12 101.079351 1.492061
13 0.023458 0.002949
14 4.704761 0.000000
15 9.017986 0.000000
16 -4.304886 1.444186
17 6.850407 0.521882
18 1888.750000 0.000000
19 -1.363022 0.000000
20 -1737.189837 0.001262
21 180.537747 1.414214
22 489.642723 1.414214
23 1918.667318 1.414214
24 39.537474 1.414214
25 1609.991335 0.000000
26 -2038.378560 0.000000
27 -179.927654 0.000000
28 0.000000 0.000000
29 2273.107959 0.000000
