0 1864.859414 0.000024
1 -3.460595 0.000824
2 0.000275 0.000001
3 0.918871 0.000000
4 6.063080 0.000662
5 103.979103 0.000910
6 1888.750000 0.000000
7 53.975479 0.008200
8 40.324934 0.000239
9 64.479763 0.001259
10 0.328451 0.000009
11 51.425390 0.012493
12 394.196001 0.030577
13 0.004814 0.000001
14 1.481414 0.000108
15 33.227808 0.001942
16 5.731142 0.000136
17 0.000718 0.000010
18 1888.750000 0.000000
19 -3.481301 0.000000
20 10.003875 0.003009
21 82.991427 0.000000
22 44.144680 0.000000
23 1862.236176 0.000000
24 3.626744 0.000011
25 3.149512 0.000000
26 -24.651223 0.000000
27 64.725594 0.000000
28 0.000000 0.000000
29 0.000000 0.000000
