0 1864.750010 0.000090
1 -2.861142 0.001801
2 -0.000736 0.000019
3 1.196347 0.000083
4 7.056929 0.000209
5 113.558279 0.002054
6 1888.750000 0.000000
7 49.872809 0.002338
8 39.840582 0.000477
9 128.226893 0.006127
10 0.444993 0.000020
11 79.984173 0.001614
12 299.990210 0.001053
13 0.074231 0.000020
14 0.100756 0.000000
15 48.812786 0.001750
16 5.159699 0.000339
17 0.029518 0.000078
18 1888.750000 0.000000
19 -2.982462 0.000074
20 49.365421 0.001948
21 135.443243 0.174042
22 16.574617 0.001722
23 1860.421017 0.000496
24 4.995261 0.000000
25 3.149512 0.000000
26 -24.651223 0.000000
27 64.725594 0.000000
28 0.000000 0.000000
29 0.000000 0.000000
