0 1864.962616 0.000000
1 -3.487564 0.000335
2 0.000349 0.000000
3 0.997589 0.000031
4 6.146130 0.000036
5 104.967930 0.000245
6 1888.750000 0.000000
7 53.625346 0.000782
8 41.678668 0.000112
9 64.260208 0.003049
10 0.312038 0.000003
11 53.620333 0.000156
12 387.534155 0.000009
13 0.004378 0.000044
14 0.366269 0.000042
15 30.059100 0.002582
16 5.871582 0.000074
17 0.008021 0.000014
18 1888.750000 0.000000
19 -3.475557 0.000009
20 11.739943 0.001393
21 83.078390 0.001228
22 39.167029 0.000732
23 1862.306355 0.000062
24 3.722310 0.000070
25 3.149512 0.000000
26 -24.651223 0.000000
27 64.725594 0.000000
28 0.000000 0.000000
29 0.000000 0.000000
