0 1864.689964 0.000002
1 -6.521039 0.000006
2 0.001523 0.000000
3 1.136003 0.000000
4 6.975062 0.000001
5 110.880268 0.000016
6 1888.750000 0.000000
7 50.000000 0.000010
8 44.527851 0.000009
9 101.440252 0.000013
10 0.098416 0.025010
11 72.967467 0.000014
12 49.194552 0.000033
13 -0.018395 0.000001
14 -0.953786 0.000003
15 40.528473 0.000011
16 9.159205 0.000001
17 0.036724 0.000000
18 1888.750000 0.000000
19 -3.039569 0.000001
20 32.461282 0.000005
21 113.187159 0.000011
22 25.784931 0.000005
23 1859.405918 0.000003
24 2.903963 0.000002
25 3.149512 0.000000
26 -24.651223 0.000000
27 64.725594 0.000000
28 0.000000 0.000000
29 0.000000 0.000000
