0 1864.708908 0.000162
1 -3.418823 0.001701
2 0.000021 0.000001
3 0.60 0.000008
4 2.4 0.000219
5 60.0 0.000572
6 1888.750000 0.000000
7 57.416923 0.000758
8 38.855962 0.000945
9 68.706121 0.001434
10 0.346462 0.000110
11 46.581000 0.002647
12 248.491900 0.044182
13 -0.014870 0.000015
14 1.284375 0.000118
15 31.698469 0.009874
16 6.150966 0.000144
17 0.000108 0.000013
18 1888.750000 0.000000
19 -3.268946 0.000019
20 4.890961 0.006813
21 85.415319 0.016649
22 48.410820 0.002469
23 1862.321741 0.000200
24 3.238271 0.000093
25 3.149512 0.000000
26 -24.651223 0.000000
27 64.725594 0.000000
28 0.000000 0.000000
29 0.000000 0.000000
