0 1865.005413 0.000299
1 -3.453271 0.000968
2 0.000335 0.000008
3 0.998365 0.000071
4 6.155851 0.000092
5 105.125697 0.000811
6 1888.750000 0.000000
7 53.605467 0.001690
8 41.762263 0.000157
9 66.533579 0.000065
10 0.324950 0.000012
11 52.512791 0.001137
12 366.122910 0.031109
13 0.001649 0.000009
14 0.239791 0.000149
15 21.319010 2.017802
16 5.977813 0.000008
17 0.017486 0.000663
18 1888.750000 0.000000
19 -3.472353 0.000111
20 11.756175 0.003145
21 83.402957 0.003932
22 39.271572 0.002280
23 1862.305057 0.000209
24 3.739547 0.000160
25 3.149512 0.000000
26 -24.651223 0.000000
27 64.725594 0.000000
28 0.000000 0.000000
29 0.000000 0.000000
