0 1865.184031 0.160368
1 -3.308717 0.000042
2 0.000033 0.000051
3 0.972322 0.000003
4 6.409646 0.000011
5 105.769450 0.002786
6 1888.750000 0.000000
7 53.769439 0.000070
8 46.586129 0.000003
9 68.617361 0.000085
10 0.314812 0.000010
11 50.072126 0.000083
12 350.696408 0.000346
13 -0.013118 0.000009
14 -0.745331 0.000027
15 21.756812 0.000062
16 5.995454 0.000011
17 0.006667 0.000000
18 1888.750000 0.000000
19 -3.244345 0.000011
20 11.828684 0.000032
21 97.470784 0.000075
22 38.723314 0.000032
23 1862.566907 0.000022
24 4.210848 0.000012
25 3.149512 0.000000
26 -24.651223 0.000000
27 64.725594 0.000000
28 0.000000 0.000000
29 0.000000 0.000000
