0 1865.184294 0.000031
1 -3.308456 0.002811
2 0.000152 0.000000
3 0.975122 0.000041
4 6.409653 0.000251
5 105.775366 0.000251
6 1888.750000 0.000000
7 65.134936 0.005042
8 46.583583 0.000119
9 68.617389 0.007608
10 0.321597 0.000047
11 49.826567 0.004089
12 353.416285 0.152387
13 0.002861 0.000036
14 1.798386 0.000298
15 0.795592 0.005155
16 6.050695 0.017851
17 0.007264 0.000152
18 1888.750000 0.000000
19 -3.244314 0.000204
20 11.829763 0.007560
21 97.471734 0.000837
22 44.363323 0.000102
23 1863.263725 0.000509
24 4.210894 0.000003
25 3.149512 0.000000
26 -24.651223 0.000000
27 64.725594 0.000000
28 0.000000 0.000000
29 0.000000 0.000000
