0 1869.947438 0.034337
1 -0.582705 0.176163
2 -0.000675 0.000330
3 3.536358 0.030637
4 3.257478 0.032200
5 43.388318 0.201812
6 1888.750000 0.000000
7 0.988862 0.004507
8 4.389010 0.000000
9 0.882722 0.155858
10 0.305340 0.003560
11 10.371986 0.226273
12 94.824754 1.080016
13 -0.001586 0.001577
14 4.704761 0.000000
15 9.017986 0.000000
16 40.693582 2.727429
17 -11.323142 0.452463
18 1888.750000 0.000000
19 -1.363022 0.000000
20 -194.136946 6.594109
21 208.777620 3.641175
22 -801.593568 3.768458
23 4920.514892 12.306005
24 1163.779438 4.907945
25 1609.991335 1.414214
26 -2038.378560 1.414214
27 -179.927654 1.414214
28 0.000000 0.000000
29 2273.107959 1.414214
