         1  3734.0     1.6788535E-03
         2  3735.3     1.9277787E-03
         3  3736.6     2.1767039E-03
         4  3737.9     2.9888617E-03
         5  3739.2     3.9034551E-03
         6  3740.5     4.8180484E-03
         7  3741.8     5.7326417E-03
         8  3743.1     6.6472351E-03
         9  3744.4     7.5618284E-03
	10  3745.7     7.9788928E-03
	11  3747.0     8.2467301E-03
	12  3748.3     8.5145675E-03
	13  3749.6     9.4684826E-03
	14  3750.9     1.1202013E-02
	15  3752.2     1.2987085E-02
	16  3753.5     1.4078503E-02
	17  3754.8     1.5213156E-02
	18  3756.1     1.6444946E-02
	19  3757.4     1.7848151E-02
	20  3758.7     1.9252684E-02
	21  3760.0     2.0902966E-02
	22  3761.3     2.2706816E-02
	23  3762.6     2.4491054E-02
	24  3763.9     2.6167489E-02
	25  3765.2     2.7888473E-02
	26  3766.5     2.9854474E-02
	27  3767.8     3.1685045E-02
	28  3769.1     3.2770321E-02
	29  3770.4     3.3855597E-02
	30  3771.7     3.5038594E-02
	31  3773.0     3.6441504E-02
	32  3774.3     3.7729669E-02
	33  3775.6     3.7641610E-02
	34  3776.9     3.7553552E-02
	35  3778.2     3.6859610E-02
	36  3779.5     3.5646340E-02
	37  3780.8     3.3518524E-02
	38  3782.1     3.0323899E-02
	39  3783.4     2.7347039E-02
	40  3784.7     2.4718494E-02
	41  3786.0     2.2089949E-02
	42  3787.3     1.9098963E-02
	43  3788.6     1.5292773E-02
	44  3789.9     1.2804505E-02
	45  3791.2     1.1140200E-02
	46  3792.5     9.4758946E-03
	47  3793.8     8.3557614E-03
	48  3795.1     7.2810238E-03
	49  3796.4     6.2062862E-03
	50  3797.7     5.4128296E-03
	51  3799.0     4.8604709E-03
	52  3800.3     4.3081122E-03
	53  3801.6     3.6853722E-03
	54  3802.9     3.3320171E-03
	55  3804.2     3.4095453E-03
	56  3805.5     3.4870734E-03
	57  3806.8     3.5646016E-03
	58  3808.1     2.9982709E-03
	59  3809.4     2.3255862E-03
	60  3810.7     1.7815043E-03
	61  3812.0     1.2374224E-03
	62  3813.3     6.9334052E-04
	63  3814.6     5.8479930E-04
	64  3815.9     6.3636987E-04
	65  3817.2     7.8236437E-04
	66  3818.5     9.2835886E-04
	67  3819.8     1.0743534E-03
	68  3821.1     1.2203479E-03
	69  3822.4     1.3663424E-03
	70  3823.7     1.3590561E-03
	71  3825.0     1.2559997E-03
	72  3826.3     1.1529434E-03
	73  3827.6     1.0498870E-03
	74  3828.9     9.4683070E-04
	75  3830.2     8.4377435E-04
	76  3831.5     7.4071801E-04
	77  3832.8     8.9616435E-04
	78  3834.1     1.2131749E-03
	79  3835.4     1.5301854E-03
	80  3836.7     1.8471959E-03
	81  3838.0     2.1642065E-03
	82  3839.3     2.3931128E-03
	83  3840.6     2.3283384E-03
	84  3841.9     2.2635640E-03
	85  3843.2     2.1987896E-03
	86  3844.5     2.1340152E-03
	87  3845.8     2.0692409E-03
	88  3847.1     2.0044665E-03
	89  3848.4     1.9396921E-03
	90  3849.7     1.9653488E-03
	91  3851.0     2.2923148E-03
	92  3852.3     2.6192808E-03
	93  3853.6     2.9462468E-03
	94  3854.9     3.2732128E-03
	95  3856.2     3.4268912E-03
	96  3857.5     3.4320375E-03
	97  3858.8     3.4371838E-03
	98  3860.1     3.4423301E-03
	99  3861.4     3.4474764E-03
	100  3862.7     3.4526227E-03
