0 1864.453420 0.034516
1 0.533284 0.273840
2 -0.000064 0.000288
3 0.954631 0.033653
4 3.324907 0.050972
5 64.271613 0.260884
6 1888.750000 0.000000
7 8.191896 1.071498
8 22.711995 0.244921
9 1.199213 0.302698
10 0.200657 0.005118
11 9.705539 0.199326
12 132.033578 2.315172
13 -0.003004 0.001360
14 0.035121 0.131378
15 56.281937 1.072600
16 15.696633 1.000602
17 2.689033 0.290172
18 1888.750000 0.000000
19 -4.591471 0.011738
20 -22.785552 2.030405
21 63.275906 1.980277
22 148.646069 21.549692
23 1875.591185 0.165235
24 3.440062 0.110924
25 3.149512 0.000000
26 -24.651223 0.000000
27 64.725594 0.000000
28 0.000000 0.000000
29 0.000000 0.000000
