0 1863.641546 0.042899
1 -6.313563 0.295083
2 -0.000102 0.000300
3 1.233926 0.041026
4 5.216869 0.056750
5 71.923699 0.331263
6 1888.750000 0.000000
7 2.455864 0.438050
8 23.192714 0.361571
9 -40.662323 0.421346
10 0.138352 0.002233
11 12.440828 0.194052
12 203.020170 3.443920
13 -0.003016 0.000898
14 -2.123270 0.051119
15 73.005119 1.374020
16 111.134357 14.152715
17 6.013787 1.555820
18 1888.750000 0.000000
19 -0.686347 0.160714
20 16.601317 0.855764
21 144.780907 0.897130
22 546.865853 96.102138
23 1864.403935 0.104557
24 13.170353 0.148207
25 3.149512 0.000000
26 -24.651223 0.000000
27 64.725594 0.000000
28 0.000000 0.000000
29 0.000000 0.000000
