0 1870.000000 0.000999
1 -0.999999 0.027014
2 -0.001392 0.000567
3 2.727853 0.022673
4 2.505324 0.030272
5 38.340749 0.269114
6 1888.750000 0.000000
7 0.000030 0.000001
8 1.000000 0.000743
9 0.624072 0.006650
10 7.378946 0.045680
11 63.247143 0.338856
12 -0.004567 0.000672
13 0.032221 0.000951
14 80.000000 0.307379
15 -0.739292 0.158510
16 1888.750000 0.000000
17 -4.770178 2.757153
18 168.742235 2.329568
19 -204.596664 7.999217
20 2787.077432 3.138405
21 283.182123 0.907925
22 639.401498 20.431131
23 -216.075642 7.943548
24 129.052612 12.483237
25 1.372759 0.358897
26 356.188318 64.453384
