0 1863.179436 0.052502
1 -3.762928 0.326726
2 0.001562 0.000220
3 0.349960 0.044727
4 7.102808 0.062150
5 102.362222 0.376127
6 1888.750000 0.000000
7 105.504265 0.913797
8 18.669971 0.475681
9 87.872990 0.120603
10 -0.503491 0.032921
11 44.513702 0.448909
12 -81.273152 0.302840
13 0.164135 0.035086
14 -1.809104 0.037282
15 108.504316 0.952494
16 11.016221 0.134407
17 -0.341971 0.070885
18 1888.750000 0.000000
19 -3.250566 0.033226
20 27.604392 0.011806
21 107.825790 0.068040
22 7.348470 0.279593
23 1858.659712 0.219079
24 4.783897 0.190082
25 3.149512 0.000000
26 -24.651223 0.000000
27 64.725594 0.000000
28 0.000000 0.000000
29 0.000000 0.000000
