0 1864.472515 0.027289
1 1.139107 0.257663
2 -0.000001 0.000295
3 0.893095 0.024278
4 3.107678 0.045270
5 58.261733 0.234628
6 1888.750000 0.000000
7 14.599914 1.655897
8 21.126355 0.199587
9 1.889768 0.157234
10 0.238374 0.003366
11 8.682313 0.143574
12 116.290886 1.329679
13 -0.005064 0.001026
14 -0.424497 0.116774
15 53.099411 0.827872
16 30.032784 1.177368
17 1.603426 0.230807
18 1888.750000 0.000000
19 10.228619 1.444967
20 -20.082729 2.232977
21 54.548053 1.755101
22 58.906400 7.599880
23 1875.469081 0.169193
24 3.064111 0.120110
25 3.149512 0.000000
26 -24.651223 0.000000
27 64.725594 0.000000
28 0.000000 0.000000
29 0.000000 0.000000
