0 1864.297223 0.037458
1 -3.568029 0.390233
2 -0.000617 0.000265
3 0.784285 0.032772
4 3.194800 0.063457
5 76.564669 0.341903
6 1888.750000 0.000000
7 62.582733 5.081415
8 27.944615 0.287254
9 153.530012 24.797894
10 -1.793022 0.192969
11 45.991054 8.881260
12 1.814062 0.394868
13 15.469929 6.187031
14 1.633559 0.187706
15 49.029626 1.563801
16 29.164714 0.630418
17 3.655720 0.190394
18 1888.750000 0.000000
19 -14.107524 0.030208
20 37.022883 3.892564
21 156.162584 4.289279
22 11.060647 0.981137
23 1867.658116 0.191886
24 9.401386 0.229203
25 3.149512 0.000000
26 -24.651223 0.000000
27 64.725594 0.000000
28 0.000000 0.000000
29 0.000000 0.000000
