0 1864.362732 0.013865
1 0.957392 0.236846
2 0.000148 0.420735
3 0.730762 0.019817
4 2.332123 0.023465
5 55.000000 0.000951
6 1888.750000 0.000000
7 9.624740 0.110880
8 19.402241 0.118452
9 2.427029 1.644133
10 0.000000 0.000000
11 8.359951 5.020017
12 128.292545 27.244801
13 -0.003989 0.420722
14 -0.761874 0.358413
15 45.120405 10.326036
16 8.282664 0.420706
17 3.606959 0.112497
18 1888.750000 0.000000
19 -0.351395 0.069989
20 -12.030576 1.781141
21 49.046522 1.078134
22 135.103383 1.165538
23 1872.668343 0.080281
24 3.285140 0.039247
25 3.149512 3.908603
26 -33.407443 16.367987
27 64.725594 26.458141
28 0.000000 0.000000
29 0.000000 0.000000
