0 1864.294954 0.020735
1 3.463500 0.086620
2 0.001090 0.000068
3 1.352439 0.031969
4 3.294417 0.029493
5 71.801776 0.040401
6 1888.750000 0.000000
7 19.971106 0.045550
8 26.081996 0.097574
9 2.427029 1.644133
10 0.000000 0.000000
11 8.359951 5.020017
12 128.292545 27.244801
13 -0.003989 0.420722
14 -0.049701 0.058268
15 42.969460 1.056586
16 23.806461 8.836848
17 -0.622837 4.174584
18 1888.750000 0.000000
19 0.253016 8.412016
20 -15.061312 0.000473
21 71.444232 0.753440
22 79.746252 38.467151
23 1871.776691 0.089873
24 5.918579 0.025393
25 3.149512 3.908603
26 -33.407443 9.133416
27 64.725594 26.458141
28 0.000000 0.000000
29 0.000000 0.000000
