0 1864.258968 0.000056
1 2.439615 0.252751
2 0.000140 0.420735
3 1.243928 0.004970
4 3.237617 0.027985
5 69.960989 0.023058
6 1888.750000 0.000000
7 17.052171 0.133536
8 21.908487 0.105808
9 2.427029 1.644133
10 0.000000 0.000000
11 8.359951 5.020017
12 128.292545 27.244801
13 -0.003989 0.420722
14 -0.208091 0.000059
15 59.370502 5.456842
16 19.445295 0.323026
17 1.000002 0.023258
18 1888.750000 0.000000
19 -0.953905 2.507148
20 -10.310859 1.513178
21 79.565945 0.564833
22 96.748326 1.879543
23 1874.473960 0.077146
24 3.353958 0.042658
25 3.149512 3.908603
26 -33.407443 16.152630
27 64.725594 26.458141
28 0.000000 0.000000
29 0.000000 0.000000
