0 1863.188954 0.057326
1 -6.507409 0.478709
2 -0.000779 0.000274
3 0.730762 0.029729
4 2.332123 0.059099
5 101.398378 0.471505
6 1888.750000 0.000000
7 4.361339 0.109364
8 28.341673 0.358450
9 -50.759288 0.354589
10 0.097310 0.001983
11 7.503672 0.213720
12 269.917458 1.380853
13 -0.002926 0.001003
14 -2.234724 0.046537
15 80.130987 1.068635
16 89.685871 1.386305
17 1.595396 1.416835
18 1888.750000 0.000000
19 3.123103 0.252801
20 27.133413 1.126724
21 183.766733 1.178774
22 146.248252 1.384812
23 1862.262745 0.369684
24 19.218467 0.246445
25 3.149512 0.000000
26 -24.651223 0.000000
27 64.725594 0.000000
28 0.000000 0.000000
29 0.000000 0.000000
