0 1864.460979 0.034769
1 1.481532 0.297375
2 -0.000536 0.000294
3 0.903940 0.034557
4 3.545564 0.058181
5 65.031594 0.284307
6 1888.750000 0.000000
7 13.433477 1.168326
8 23.032776 0.266988
9 1.935106 0.295447
10 0.215042 0.005728
11 9.556790 0.206690
12 126.984533 2.326493
13 -0.003004 0.001407
14 0.128120 0.137267
15 52.395104 1.231242
16 24.252598 0.939415
17 2.173568 0.228186
18 1888.750000 0.000000
19 3.385290 0.588912
20 -17.191805 1.398586
21 62.962100 1.331391
22 133.477882 13.682818
23 1876.695559 0.149063
24 3.793447 0.091581
25 3.149512 0.000000
26 -24.651223 0.000000
27 64.725594 0.000000
28 0.000000 0.000000
29 0.000000 0.000000
