0 1869.682633 0.031491
1 -0.999980 0.015865
2 -0.000952 0.000541
3 2.823619 0.024779
4 2.943524 0.040723
5 39.042030 0.254311
6 1888.750000 0.000000
7 0.000019 0.000001
8 0.156574 0.058015
9 0.464382 0.006921
10 6.756766 0.060936
11 70.855784 0.530601
12 -0.000560 0.000644
13 0.071347 0.004224
14 69.588016 6.411943
15 -1.995504 0.397313
16 1888.750000 0.000000
17 -8.781944 2.817621
18 175.835996 2.813900
19 -652.266575 36.972090
20 2791.259038 5.591277
21 283.333537 1.512347
22 549.192354 27.868907
23 -222.579329 5.763316
24 92.069258 7.126020
25 5.539402 1.207994
26 480.821022 67.263559
