0 1869.685107 0.039603
1 -1.968150 0.174225
2 -0.001100 0.000512
3 2.830520 0.039951
4 2.950596 0.041992
5 39.004294 0.273440
6 1888.750000 0.000000
7 0.000034 0.000002
8 0.151124 0.059868
9 0.462649 0.008357
10 6.762812 0.070018
11 70.936235 0.609879
12 -0.000777 0.000645
13 0.123177 0.008266
14 70.583508 6.394529
15 -1.965387 0.403326
16 1888.750000 0.000000
17 -5.268356 3.054715
18 174.668818 2.848516
19 -686.505776 65.632971
20 2796.324384 6.518916
21 283.087459 1.723026
22 624.098174 34.339935
23 -221.704539 5.755138
24 94.391678 7.230913
25 4.345253 1.143577
26 383.037789 77.059190
