0 1869.691366 0.022906
1 -0.550199 0.159143
2 -0.000757 0.000516
3 2.727274 0.022902
4 2.830815 0.023699
5 36.241540 0.208927
6 1888.750000 0.000000
7 0.000018 0.000001
8 0.281843 0.056581
9 0.414810 0.004554
10 6.625988 0.054415
11 71.004243 0.487837
12 -0.001017 0.000653
13 0.084466 0.004747
14 65.962528 6.059485
15 -1.845830 0.404302
16 1888.750000 0.000000
17 -1.175697 2.794388
18 172.339560 2.835287
19 -563.609195 39.070380
20 2751.848196 5.478055
21 277.355197 1.525050
22 665.942155 37.433582
23 -220.715355 5.946364
24 99.792759 7.709642
25 2.750589 0.675258
26 483.318556 85.375809
